k_all	ksat_all	RCm	RCbeta	soilD_all	error
5.00034	0.00177	1.30237	4.84298	1.39161	20.5555
7.84535	0.00563	0.94651	3.74321	0.76291	17.97256
6.34322	0.00604	1.2689	3.0004	1.30957	26.30707
12.67569	0.00889	1.9914	4.8364	1.22621	25.4466
9.45654	0.00483	1.82412	4.51752	1.153	22.67959
19.423	0.00248	1.75148	1.54073	1.40684	25.19999
19.04365	0.00473	0.7898	2.03761	1.01489	21.81602
16.84677	0.0072	1.20248	0.55879	1.09241	24.0146
14.14227	0.00489	1.29921	2.51267	1.34493	27.01628
16.5927	0.00164	0.58575	3.9238	0.72361	14.26494
6.25951	0.00263	1.32922	3.72263	1.07914	20.07387
9.71197	0.00495	0.97097	4.9623	1.40889	23.56594
13.65587	0.00248	1.47241	2.33333	0.83485	20.66253
6.14327	0.00216	0.55542	0.28277	0.94178	20.50377
12.56245	0.00521	1.26328	0.55772	1.17411	23.46518
6.00055	0.00849	0.93212	0.91045	0.69086	21.21359
19.37819	0.00992	0.44874	3.14903	1.37064	27.40694
15.08979	0.00653	1.27849	1.34957	0.6509	21.43052
16.98409	0.00634	1.81914	1.06996	0.77172	21.55135
9.05722	0.00457	0.41788	3.19953	1.14808	20.9208
6.87633	0.00236	0.40549	2.74912	1.44886	21.39696
5.63906	0.00595	1.53641	2.38094	0.98454	23.71127
5.10883	0.003	0.61082	0.66354	1.07148	21.79207
14.06854	0.00253	1.4715	3.35696	0.74403	18.09437
5.6203	0.00256	0.89023	2.02756	1.25149	22.01519
17.37375	0.00607	1.56792	1.66334	1.1926	25.82003
17.42657	0.00579	1.61572	2.96815	0.64755	20.5832
16.88942	0.00957	1.84693	3.99247	1.28363	26.85337
13.58093	0.00108	0.51761	3.83033	1.01005	14.17808
9.4339	0.00641	1.22986	2.57045	1.34712	27.7313
18.67166	0.00379	1.63859	0.41184	1.48258	20.44748
19.46683	0.003	1.03499	1.58722	1.11379	24.04433
18.7617	0.00151	0.66303	2.23811	1.30192	21.40383
19.75719	0.00652	0.33936	1.27504	1.34161	25.51881
13.28389	0.00194	1.91091	0.97598	1.0348	21.90338
12.8211	0.00852	0.82746	1.65643	0.94011	23.34901
15.60916	0.0098	0.60549	1.87389	1.23509	27.02213
19.30425	0.00131	0.33657	2.90544	1.37965	19.40795
19.72687	0.00155	0.3701	0.68378	1.31163	21.90488
19.6878	0.00377	0.64519	2.09121	1.31654	23.17103
17.9297	0.00657	1.97081	1.02049	1.25456	23.66325
18.73982	0.007	0.31386	4.16982	1.01701	21.8577
16.02709	0.00913	1.54974	1.66697	0.67599	22.75089
13.50174	0.00257	0.82432	2.03339	1.16531	21.31503
8.77322	0.00518	0.93103	2.77756	0.68327	17.36753
8.8625	0.00791	1.31846	1.06287	1.31905	26.41179
11.51887	0.00227	0.83654	4.55171	1.16934	18.76063
17.0275	0.00372	0.52282	2.41	0.74805	16.76118
9.51086	0.0033	0.70252	1.56395	1.49398	27.30125
15.48142	0.0092	1.73286	0.43997	0.97878	18.91967
6.57026	0.00273	1.48647	1.30477	0.50815	18.7763
11.5948	0.00543	0.93182	0.76472	0.51703	19.60303
9.49781	0.00324	1.36652	4.23316	0.96139	19.42833
15.47584	0.00948	0.612	0.99308	0.67903	21.56027
19.36123	0.00455	1.53309	4.01553	0.64246	18.17506
15.73477	0.00292	1.07796	1.87243	1.45493	28.01691
13.76085	0.001	1.9371	3.32967	1.47211	23.18613
8.63896	0.00465	1.39499	4.70698	1.23562	22.6127
11.27414	0.00637	1.86056	0.67062	1.40386	21.62639
9.97297	0.00422	0.78208	3.40945	0.97452	19.5997
6.91962	0.00505	1.21277	2.06611	0.90903	21.73052
14.27458	0.00287	1.55288	0.33199	0.52316	17.74667
10.66852	0.00708	1.92916	2.21827	0.5182	17.73097
13.02012	0.0036	1.8918	1.95242	1.08769	23.21674
13.76473	0.00543	0.81439	0.92465	1.17575	27.67459
16.76282	0.00593	1.81394	3.66288	1.40731	26.26634
16.18476	0.00389	1.68681	3.70719	0.64524	18.34467
8.55774	0.00146	0.62087	1.15597	1.2366	21.11309
13.39839	0.0062	0.54281	0.9751	1.25282	26.1374
16.85352	0.00483	0.48352	1.96423	0.69692	17.46455
19.10206	0.00436	1.31906	2.99067	0.80452	20.62695
14.67198	0.00184	1.68969	3.93566	0.97583	19.99576
19.09682	0.00572	0.93676	1.90116	0.70916	20.57489
14.5104	0.00196	1.36924	3.72084	1.06215	20.2327
15.07676	0.00712	0.92767	3.67052	0.89941	21.52014
5.10628	0.00126	0.70999	4.33311	0.62115	13.57983
10.40065	0.0068	0.64472	1.92359	1.12438	22.92461
14.39052	0.00379	1.28174	4.83588	1.46561	24.4124
7.71518	0.00654	0.31959	1.78554	0.96828	21.03563
14.31525	0.00183	0.52789	0.79823	0.64906	16.10585
11.2419	0.00879	1.85811	3.62885	0.59678	20.1674
11.81323	0.00487	0.82006	2.62036	0.67069	16.99834
14.54179	0.0022	0.99864	3.92765	0.56975	14.33308
5.44299	0.00626	1.97121	4.79763	1.36625	24.73699
10.40293	0.00102	0.81401	4.75276	0.87944	13.93522
11.08608	0.0047	0.6017	1.84525	0.54136	15.61233
17.43999	0.00761	0.73466	4.23769	1.12522	22.79431
10.35182	0.00569	0.45495	3.33616	0.64954	16.17354
7.19941	0.00867	0.71648	0.38597	0.67317	21.3172
7.69723	0.00883	1.35891	2.45318	0.95633	24.57234
15.28457	0.00488	0.44417	1.32645	1.254	22.84418
5.43402	0.00734	0.39358	3.0793	0.90377	20.48812
15.61185	0.00686	1.98955	1.4358	1.35408	25.14176
9.15035	0.00198	1.38913	0.44962	0.69233	19.75766
7.75045	0.00228	0.68251	0.72276	0.62588	17.09129
19.18608	0.00763	1.88892	4.6005	0.63037	20.42797
11.83582	0.00203	1.66356	2.95434	1.23225	23.13629
16.08142	0.0078	1.12191	3.47291	0.72765	20.81116
8.7963	0.00757	0.82596	4.63739	1.40738	25.98804
18.2533	0.00112	1.65892	4.34815	1.3571	22.21464
12.15008	0.00478	1.84975	4.69474	0.9806	21.46026
16.57056	0.00865	0.62954	0.17545	1.39907	26.72982
9.71149	0.00908	1.61102	3.06796	1.09321	25.54105
6.28266	0.0072	0.53994	1.51985	0.95187	21.69496
9.07574	0.00989	1.45137	2.45928	1.42516	28.61366
17.58601	0.00657	1.70524	1.00108	1.10869	23.95141
15.86325	0.00691	0.79207	3.60194	0.7222	19.4548
10.84038	0.00768	1.47651	0.36782	0.77049	18.91218
10.34354	0.00874	0.88073	2.08906	1.17578	26.26065
15.06257	0.0012	0.26855	0.32518	1.04826	17.42116
9.71795	0.00697	1.01038	1.25816	1.44082	28.73368
9.59954	0.00656	1.91574	0.63242	1.28495	20.56271
5.33807	0.0094	0.92444	3.19821	0.87446	21.64427
7.23201	0.00792	0.67582	2.02789	1.17472	24.62564
5.5134	0.00241	1.07718	0.89553	0.88429	22.83776
19.62951	0.00749	1.69557	1.66367	1.33823	26.66289
5.97487	0.00266	0.84385	2.99566	0.97212	17.83429
17.65241	0.00362	0.85258	3.35973	0.61658	15.83133
10.64483	0.00491	0.67371	4.82081	0.89332	17.50948
16.43959	0.00427	1.63915	4.71141	1.12228	22.48635
6.20275	0.00565	1.41704	0.99402	1.46323	25.64731
7.90669	0.00917	0.8267	2.74929	0.8491	21.61809
16.4062	0.0091	0.78181	2.92315	0.70156	20.95228
12.18497	0.00734	1.65564	4.13554	0.88646	22.56222
5.36335	0.0036	1.74746	1.48248	1.44681	24.9349
7.0709	0.00361	1.50504	3.85811	0.80463	18.72198
19.67534	0.00298	0.53975	1.92415	0.66128	16.12254
6.67561	0.00302	1.80546	3.29335	0.52295	16.11689
11.01135	0.00928	1.63753	1.7035	1.42924	27.28689
12.28343	0.00616	1.24569	0.81751	0.96208	24.44518
9.94233	0.00765	0.80576	1.68502	1.39183	30.31465
10.75869	0.00871	0.31742	1.33639	1.05094	22.69386
18.60221	0.00848	1.41188	4.90574	1.26545	26.32377
12.05776	0.00415	1.86619	2.08218	1.4351	25.47235
18.58794	0.00903	1.06674	0.33858	1.10809	23.29653
9.49464	0.00147	0.97163	3.59283	0.54793	14.07172
15.35485	0.00647	1.78877	0.15677	0.97971	17.4688
9.54863	0.00802	0.53183	2.3449	1.39502	26.89065
19.7403	0.00351	1.77874	1.22681	1.36452	24.83615
11.59111	0.00678	1.52396	4.1561	0.6465	19.10299
12.63534	0.00124	0.49167	0.99416	0.70528	15.14936
13.60482	0.00892	0.53574	2.08599	1.08218	23.26404
11.54189	0.00312	0.67495	1.66078	0.98525	20.5652
14.56224	0.0093	1.50945	2.71663	0.56417	20.13898
5.51618	0.00182	0.43535	3.1404	1.13273	15.606
14.82848	0.00728	0.39239	0.85326	1.09046	23.13252
13.59293	0.00656	0.76159	0.34263	1.03548	25.98531
8.5041	0.00483	1.00369	1.53867	0.76861	20.40598
15.40405	0.00939	1.32034	0.49341	1.12966	22.67808
12.91442	0.00209	1.47892	2.52222	1.36767	25.06188
17.42327	0.00928	0.52142	2.44346	1.23795	25.77687
19.44785	0.00236	1.70554	0.67707	1.38929	22.59189
17.11676	0.00597	1.25606	3.18011	1.15786	24.40591
18.55199	0.00297	1.59025	4.89989	1.09427	21.07076
16.8321	0.00551	0.49168	4.09756	0.93966	19.81857
18.15905	0.0074	0.31542	0.38529	0.97743	22.43895
12.04384	0.00602	1.73253	2.57112	0.69984	21.18741
13.19755	0.00346	1.39952	1.05894	1.19096	24.89342
16.71489	0.00371	1.93454	0.3571	1.01861	17.58391
15.7647	0.00564	0.91389	3.11585	0.99619	21.60006
17.1027	0.00357	0.43024	2.78784	1.24746	21.71912
12.67921	0.00293	1.25931	4.85756	0.85193	16.60682
17.39159	0.00967	1.80875	1.32675	1.22582	25.51768
5.42484	0.00261	1.59687	3.59381	0.83775	18.89175
10.1231	0.00532	0.31882	1.78368	0.76408	17.15539
8.93648	0.00874	1.36061	4.69806	0.83784	21.64643
13.56898	0.00586	0.85194	4.25292	1.14102	21.98588
10.81861	0.00713	0.61715	4.75024	0.82145	19.50107
13.23815	0.00922	0.36254	2.79391	0.85055	21.70432
9.13313	0.00715	0.31848	3.27907	1.49224	26.02789
15.97513	0.00722	1.05316	3.14081	1.46262	29.39306
15.24883	0.00485	1.76705	4.25307	0.9397	21.76953
16.85425	0.00793	1.99562	3.71286	0.55742	18.99391
6.56577	0.00766	0.96687	2.78576	1.30331	26.51178
6.07016	0.00866	1.59316	4.36261	0.54617	17.05375
19.49193	0.00103	1.63042	2.7308	1.08649	22.09931
13.99774	0.00382	1.34948	3.38374	0.87726	20.33634
18.19147	0.00141	1.94679	3.7002	0.68302	17.27624
11.09186	0.00101	1.50418	0.1745	0.95678	17.8662
19.07761	0.00724	0.95585	1.79787	1.24631	28.3044
6.53454	0.00318	0.37416	3.82012	1.26445	20.12614
15.76834	0.00305	1.15406	4.86311	0.55496	14.67527
12.64834	0.00878	0.38382	3.29075	0.74202	20.15162
16.29001	0.00104	0.29239	4.80794	0.64731	14.0583
5.09684	0.00684	1.06508	0.88308	1.08849	25.98417
9.195	0.008	1.02129	4.33145	1.31521	25.71329
19.44494	0.00792	1.53886	4.12966	0.77126	22.0231
5.88667	0.00416	0.62907	3.56896	0.51638	14.15981
12.51237	0.00364	0.59664	2.90038	0.95304	18.06321
6.95034	0.00397	1.73467	1.33338	0.79683	21.5229
9.44033	0.00361	1.37075	4.0188	0.65665	15.99239
5.187	0.00813	1.52321	1.94873	1.04489	25.02835
8.16622	0.00198	1.24819	2.30628	1.09747	21.50804
13.06495	0.00589	1.42272	2.38274	1.22303	26.18133
16.75188	0.00414	0.74996	2.81873	1.12612	21.63545
16.65699	0.00988	0.72884	4.37876	0.56395	18.29718
5.21745	0.00802	1.11213	4.68095	1.03831	21.98934
19.26946	0.00168	1.0743	3.12145	1.49197	23.74487
19.37661	0.00894	1.36855	0.31277	0.97755	20.08082
5.89735	0.00745	0.56833	1.07929	1.2646	26.91641
7.38807	0.0097	1.4427	0.49364	1.25143	21.7254
17.10808	0.00641	0.73187	3.79406	1.23373	22.87599
5.40107	0.0071	1.61111	0.34508	0.60381	17.36992
10.41056	0.00582	0.3794	4.85064	0.78187	17.03951
14.36914	0.00553	0.38866	2.81146	1.19465	22.14763
8.57101	0.00764	0.99305	0.97062	1.30713	27.80574
15.61311	0.00728	0.36569	1.0002	0.67444	19.81079
6.28042	0.00528	1.76964	0.94068	1.32652	23.34294
15.17168	0.00229	1.52586	4.45223	1.09555	20.52958
17.30162	0.00497	0.86422	3.1705	0.6622	17.33297
8.48433	0.00839	0.50662	0.91961	0.99738	23.25825
7.52893	0.00328	0.3992	0.93422	1.0522	20.60383
6.99379	0.00239	0.4421	1.15289	1.34043	21.6574
8.99129	0.00317	1.02621	3.50855	1.14375	20.72699
11.28166	0.00832	0.3455	4.92095	0.63996	17.61749
8.7024	0.00624	0.39541	4.74165	1.30158	22.62055
19.77787	0.00268	1.0224	0.50648	0.98118	24.46068
9.22778	0.00357	1.40853	4.46108	0.83627	17.91841
19.44294	0.00411	1.9105	4.38972	0.85211	20.60883
5.08508	0.00812	0.67013	4.53459	1.03738	21.90505
6.89282	0.00291	1.53197	3.10978	0.57786	16.05222
5.14539	0.00876	1.68706	3.5928	1.43151	27.47275
10.99323	0.00665	1.61849	2.72947	1.09623	24.74837
12.1453	0.00147	1.16794	1.96724	1.44086	26.53414
13.89108	0.00168	0.51292	0.92588	0.81029	16.37665
18.88738	0.00555	0.79996	3.7416	1.37151	24.5995
7.90132	0.00669	0.66297	4.68128	0.51375	15.0248
7.72031	0.00238	0.66835	4.42689	1.14088	17.06055
7.83443	0.00454	0.33146	0.29206	1.33062	25.5921
19.77166	0.0027	0.26177	1.75358	1.18311	20.25451
16.11984	0.00444	0.83799	0.91626	1.15139	26.74897
6.70061	0.00712	0.58937	1.71354	1.49775	30.00923
10.5949	0.00786	1.47573	1.63673	1.26104	26.61921
14.43907	0.00592	1.99619	4.1676	1.37746	25.36899
18.08097	0.00489	1.18897	0.48265	0.53379	20.37549
13.53463	0.00999	0.35753	4.91493	0.53511	17.22189
19.57348	0.00498	0.2606	0.62451	0.91626	20.79869
6.34873	0.00379	1.3094	2.65167	1.38083	26.19538
5.78324	0.00557	1.13354	1.03638	0.56986	19.68663
12.03992	0.00934	0.60436	0.65665	1.00869	25.86142
15.67407	0.00878	0.34167	0.7255	0.96925	22.60873
18.99359	0.00361	0.3969	1.61873	1.3709	22.65351
9.85406	0.00724	1.06316	4.19842	1.21484	23.86399
11.26799	0.00843	1.20313	2.67784	1.1185	25.80224
18.88863	0.00577	1.65511	1.54388	1.29868	25.96411
5.11579	0.00657	0.29955	1.28491	1.19931	22.46629
17.87416	0.00929	1.15886	3.97347	0.91397	22.81373
10.80474	0.00131	1.17414	3.77144	1.42537	21.23374
7.27462	0.00893	1.14822	1.73427	1.46562	29.0962
13.86262	0.00551	0.72022	3.03305	0.74898	18.1366
7.1941	0.00796	1.80866	1.46455	0.72037	21.47067
11.94315	0.0056	1.16566	4.8174	1.44672	25.72216
6.98851	0.00253	1.84415	3.04503	0.50103	15.84225
7.91048	0.00219	1.28426	3.49942	0.82157	16.86286
11.93454	0.00822	1.89783	4.7263	1.22522	25.22499
15.15314	0.00535	1.11389	2.80177	1.45651	28.43184
15.59652	0.00368	0.29839	0.20341	1.33056	24.95682
16.44295	0.00258	0.69129	4.41931	0.73896	14.98789
11.78581	0.00274	0.57911	3.41777	1.47803	22.01019
6.77134	0.00353	1.10568	1.06309	1.15429	25.7832
14.23404	0.00779	1.95993	3.44336	1.31995	26.08141
8.16056	0.00902	1.14564	3.73133	1.27037	26.61966
5.46902	0.00397	0.99126	2.97453	0.93678	19.85822
14.84064	0.0084	1.83541	2.07627	0.57711	19.86359
14.68422	0.0053	0.36887	1.15906	1.3216	24.26348
5.53555	0.00481	0.32549	1.07451	0.73839	16.34697
6.19662	0.00818	1.8009	4.98708	0.5051	15.28226
15.52608	0.00678	1.04192	4.99509	1.36866	25.34953
14.61419	0.00193	0.95624	0.76065	1.10689	25.92398
8.52805	0.00547	0.87238	2.88451	0.91274	20.59596
17.58164	0.00593	1.04408	1.72763	0.99264	23.99897
6.53444	0.00952	0.43998	1.80068	0.84929	21.76487
16.60008	0.00841	1.59754	1.2513	1.38648	26.49364
15.61085	0.00488	0.56627	4.25904	1.19472	21.83031
13.85508	0.00315	1.78842	0.22768	1.38873	17.38379
16.52292	0.00563	1.91304	2.61656	0.80442	21.864
7.57373	0.00482	0.26172	4.08756	0.76396	15.78882
10.16879	0.00554	1.04231	0.92283	1.08764	26.31151
17.80679	0.00189	1.18677	0.64473	0.89931	23.59791
9.51879	0.00794	1.83877	0.25784	1.28903	17.22959
19.49509	0.00252	1.98149	0.64451	0.82254	18.9291
6.281	0.00422	0.54643	4.64264	1.14094	19.92465
13.07484	0.00431	1.51091	2.04611	0.79565	22.10892
13.3372	0.00711	1.20965	0.90888	0.86983	24.73828
11.39877	0.00706	0.74153	4.09651	0.56913	16.2459
12.59432	0.00113	1.93976	4.10168	0.90836	18.13869
11.81323	0.00494	1.55721	0.15812	0.73869	17.6107
13.23189	0.0079	1.3165	3.75876	1.28065	26.69592
9.27262	0.00611	1.78731	0.43693	0.81773	17.90755
7.46143	0.00149	1.36584	1.17214	1.17869	24.23694
17.79905	0.00288	1.32547	1.53929	0.76756	21.48168
16.40294	0.00483	0.71834	3.10197	0.98884	20.85873
6.34754	0.00515	1.27224	4.08559	1.37557	24.92187
19.47985	0.00206	1.4916	0.25334	0.99156	18.72817
13.63648	0.00777	0.59205	4.14316	1.40039	25.82537
5.74729	0.00853	1.83545	3.1314	0.6372	20.39588
5.53751	0.00781	1.69688	4.95579	1.28092	25.41869
12.63947	0.00407	1.70926	3.76661	0.90075	21.13946
14.21571	0.00794	0.89415	4.6512	1.3808	26.29283
18.26154	0.00562	1.66928	4.91218	1.01113	22.53462
17.77263	0.00259	1.40858	0.89115	0.96985	23.64193
16.64152	0.00274	1.86501	3.14409	1.097	22.27789
19.50045	0.00471	0.8039	4.65452	1.02095	20.66106
13.27841	0.00521	1.63048	0.77891	0.75361	20.63606
6.77791	0.00502	1.99794	4.4223	0.59857	16.68309
19.51337	0.00106	0.35077	0.95529	1.17246	19.75108
14.53776	0.00218	1.22521	1.6769	1.14168	24.47229
10.61257	0.00675	0.36953	1.36534	1.43402	26.89217
7.21226	0.00279	0.53763	0.21421	1.29056	27.62053
5.973	0.00252	1.21951	4.591	0.93378	16.33264
17.30457	0.00934	1.85166	1.08494	0.6914	20.54358
17.50318	0.00171	0.72934	1.82981	1.29338	21.75359
16.70621	0.00444	1.93628	0.63109	0.79219	18.72489
18.24152	0.00199	1.82915	2.76206	0.9115	21.00018
12.90069	0.0096	0.71533	2.66879	0.95793	22.58521
15.82014	0.00945	1.18794	1.77154	1.17277	28.08175
16.25489	0.00979	0.63057	0.4966	0.82838	24.39846
5.62946	0.00671	0.72447	0.11941	1.07747	23.93386
7.46894	0.00285	1.46001	4.30151	0.83678	17.3871
5.16269	0.006	1.73698	1.85704	0.55194	18.85769
19.2094	0.00822	0.34111	1.85825	0.72345	20.61814
18.8035	0.00632	0.81235	4.35	1.14502	22.44724
16.19399	0.00108	1.44584	0.12544	0.90277	17.96298
14.51639	0.00447	0.38408	1.67898	1.00932	20.65445
17.91181	0.00157	1.73105	3.84637	0.86806	19.09649
9.53636	0.00384	1.98151	3.5631	0.59881	17.27297
16.96437	0.00238	1.15923	3.12407	1.07721	20.77859
16.37013	0.00849	1.86531	2.37036	1.32788	26.64926
17.87452	0.00157	1.06137	3.61273	0.86284	16.29807
15.0717	0.00456	0.60752	2.45663	0.99772	20.85031
14.88523	0.00393	1.04127	0.97127	1.45428	27.5402
5.70456	0.00383	1.89506	3.83569	0.9113	20.21903
6.5303	0.00634	1.60813	1.29932	1.48946	26.00525
16.19068	0.00419	0.92808	0.8422	1.3692	27.75679
13.99472	0.00661	0.33915	0.40734	1.43133	30.06619
15.53412	0.00559	1.26619	4.90442	0.57526	16.25491
10.84763	0.00169	0.9439	0.44818	0.51819	19.78186
19.67277	0.00956	1.74334	4.38124	1.0716	25.3773
11.11768	0.0019	0.52566	0.32584	1.18714	24.15205
16.36475	0.00581	0.859	4.97395	0.6805	17.39239
10.43317	0.00386	1.77645	0.12347	1.23402	17.68659
7.61499	0.00301	1.77143	2.14284	0.67908	19.73159
11.8752	0.00877	0.71954	4.05799	0.95857	22.11684
5.55817	0.00296	0.75673	3.79089	0.7453	14.81829
16.2317	0.00429	0.30756	2.85649	1.07821	20.04578
17.0295	0.00763	1.98917	1.8996	0.90427	23.27089
8.91948	0.00243	1.63028	4.65946	1.43493	23.34964
9.01644	0.00252	0.69893	1.72944	0.58414	15.2056
5.28143	0.00708	1.34958	4.1694	0.55829	15.92962
14.15117	0.0018	1.85648	4.80982	0.74087	16.6113
11.87925	0.00884	0.98643	4.82122	0.67746	19.592
17.04572	0.00952	1.86806	4.89482	1.24933	26.32737
17.25003	0.00479	1.43065	2.77352	0.84647	21.47871
11.08067	0.00998	0.45487	4.71791	1.45502	27.7383
6.37655	0.00859	1.56491	4.84638	1.26075	26.09262
14.31315	0.00407	1.14778	3.09654	1.40758	25.74252
14.00896	0.00495	0.3898	2.46396	0.75747	17.13495
18.86785	0.00687	1.67569	1.40205	0.80435	23.12741
16.21959	0.00447	0.60291	1.80994	0.87663	20.37296
19.59164	0.00887	1.78649	1.67357	1.23001	26.17903
13.28981	0.00233	1.02001	1.33828	0.96202	21.6929
13.88173	0.00109	1.73437	2.16294	0.64658	19.05819
11.84319	0.00863	1.21321	1.23017	1.23198	27.27289
13.23504	0.00918	0.75971	0.85251	1.00863	26.78703
6.9276	0.00231	0.82706	3.23776	0.75468	14.96776
17.39787	0.00242	0.28961	0.6995	1.19021	21.40986
17.23256	0.00275	1.77314	2.34023	0.7976	21.0303
5.08767	0.0021	1.34593	1.6194	0.93455	22.30784
19.94943	0.00349	0.27206	4.24371	0.85466	16.09431
14.30643	0.00729	0.76598	0.43112	1.07184	26.71994
19.58437	0.00539	0.83139	1.20069	1.35103	29.47123
6.69882	0.00933	1.61158	0.87002	0.67678	19.93088
14.35674	0.00667	0.94756	1.44295	0.64595	20.60066
15.81655	0.00426	0.6515	1.53158	1.37156	25.84895
16.82182	0.00475	0.36058	2.87041	0.7224	16.82554
18.87259	0.00916	1.1868	2.60181	0.70937	21.86186
17.69665	0.00693	0.41705	3.68173	1.32902	23.47965
10.88949	0.00803	1.45951	2.27247	0.94506	24.77529
12.18678	0.00568	1.54254	0.39219	1.23792	20.09469
10.9289	0.00627	1.05644	2.14276	0.76903	20.76292
14.80354	0.00502	0.32171	0.5398	0.60002	17.31179
13.61466	0.00584	0.94166	3.90701	0.91586	20.70349
15.04974	0.00752	1.06051	0.56187	1.16332	25.2411
19.36161	0.00651	1.96805	3.92512	1.34555	25.80523
6.60446	0.00335	0.37764	1.56241	1.12152	20.41629
12.46782	0.00957	1.53771	1.64018	0.82815	24.12017
15.33918	0.0024	1.91594	1.36867	0.84761	21.52098
19.31722	0.00783	0.80803	3.67428	0.78167	21.0738
6.20963	0.00715	1.57428	1.12795	0.74038	21.86672
13.71649	0.00312	1.64729	2.58604	1.41315	25.46371
13.07808	0.00812	0.37821	4.85063	0.84337	20.58998
13.36033	0.00177	1.70642	2.20651	1.49371	25.22724
15.29405	0.00937	1.27113	2.98327	0.69189	21.5881
16.70921	0.0011	0.31101	0.89727	1.45101	21.74174
5.62105	0.00629	1.25695	0.4448	0.50102	18.96041
16.21959	0.0046	1.00595	2.53837	1.32336	25.42925
18.69568	0.00658	0.69251	4.51194	1.38326	24.86581
19.87173	0.00284	0.67717	0.30303	1.43781	27.17443
6.99913	0.00408	1.33681	0.24481	0.5695	18.29376
13.32389	0.00851	0.7019	0.13846	1.31753	25.11331
18.64199	0.00846	0.95273	4.20753	1.10871	23.58516
7.83314	0.00311	1.82019	4.82026	0.84859	18.39809
10.48328	0.00606	0.99401	4.84971	0.90498	20.16539
11.41743	0.00758	1.06345	1.97065	1.11547	26.02651
8.55491	0.00931	1.10155	1.51449	1.03826	27.09723
12.59333	0.00856	1.18351	2.00235	0.90696	24.16415
11.44311	0.0041	0.26898	0.25797	0.9742	20.80416
7.33268	0.00753	1.90839	4.21395	0.62554	19.12779
11.49634	0.00675	0.95903	3.57804	0.92872	21.30971
19.60294	0.00312	0.25046	1.4162	1.10987	20.00961
7.95057	0.00207	1.12726	3.88586	1.37541	21.10772
9.91521	0.0052	0.78667	2.96893	0.81376	19.00222
11.80843	0.00989	1.87359	4.8827	0.61326	20.56203
12.28164	0.00815	0.84834	4.15577	0.63295	18.04411
9.64506	0.00192	1.68102	0.80341	0.99738	21.60744
11.89042	0.00843	1.01188	0.33295	0.85893	22.77897
17.50137	0.0033	1.55159	3.7357	0.93479	20.81642
5.82068	0.0099	0.86378	4.21051	0.66944	19.4868
13.55016	0.00999	1.82708	2.75051	0.86497	23.80305
16.44806	0.00651	0.54651	2.69625	1.18291	22.71586
8.19571	0.00109	1.51062	1.7952	0.78359	20.48396
17.47733	0.00877	1.03751	3.36994	0.65787	20.51117
18.78037	0.00224	1.92849	4.35896	1.07256	20.82036
19.57809	0.0034	1.72284	2.80479	0.57434	18.59647
12.84316	0.00821	1.69575	0.24127	1.29093	17.66471
15.38954	0.00322	1.69706	1.59031	1.45768	25.6783
11.2957	0.00986	1.83174	3.72844	1.21396	26.24405
13.0732	0.00201	0.70452	4.85725	0.59034	14.33184
15.67379	0.00957	0.38138	1.45362	1.45888	30.48374
17.04843	0.0068	0.46942	1.91913	0.82238	20.92466
15.38183	0.00471	1.78148	3.37593	1.01817	22.74016
18.24253	0.00409	1.50083	1.24923	0.66619	21.86959
10.56526	0.00427	1.72617	0.87598	1.29046	23.23199
9.8275	0.00299	0.84865	4.90119	1.34529	21.21943
13.59093	0.00258	1.31406	1.0708	0.80449	22.9062
12.80871	0.00947	0.50202	1.97085	1.12672	24.41317
7.27598	0.00319	1.13476	3.33024	1.16167	20.8728
17.75083	0.00123	0.39344	0.14602	1.04285	21.17229
10.65807	0.00136	0.39504	2.30585	1.29042	18.54339
10.4884	0.00128	0.66072	3.50704	0.51967	14.28323
12.4992	0.00934	0.80457	0.61407	1.31925	28.09701
8.72552	0.0098	1.88759	1.56055	0.85051	22.87335
8.52472	0.00809	1.59936	3.36138	1.49776	28.16323
13.15197	0.00638	0.41928	1.38524	0.8463	20.87843
7.73865	0.00235	0.83969	2.8161	1.06725	19.56404
17.98673	0.00254	1.06069	4.06701	1.23075	21.23098
18.33175	0.00513	1.8516	4.65914	1.00772	22.22126
6.76995	0.00845	1.16001	3.05906	0.77071	20.98391
10.40158	0.00693	1.83711	3.33986	1.30605	25.65497
13.24636	0.00396	1.68086	0.87165	0.59445	19.22753
15.70605	0.00813	0.61465	3.10397	0.80581	21.16638
16.19546	0.0075	0.27063	3.44964	1.49676	26.56765
6.00019	0.00723	1.09489	2.76276	1.43803	28.98821
10.98406	0.00187	0.25111	2.82889	1.05689	14.50306
19.31994	0.00575	1.01388	4.46081	1.00055	21.57692
10.53566	0.002	1.06606	3.01638	1.26041	21.01538
19.16213	0.00704	1.05522	0.24301	1.24332	22.44847
17.76281	0.00619	1.85864	3.71554	1.44348	26.63498
11.7707	0.00613	0.311	2.84987	0.95467	20.25664
13.61788	0.00927	0.5047	4.45705	0.96116	22.28424
9.8713	0.00252	1.88368	2.68533	1.01906	21.56943
15.48753	0.00621	0.41476	4.7413	1.25838	22.60437
12.94319	0.00751	1.12254	2.12425	1.1215	26.08188
9.87171	0.00529	1.72431	0.11607	0.95692	17.81024
10.04738	0.0082	1.76695	1.28045	1.12268	24.4207
18.14562	0.00531	1.85493	4.54494	0.87646	21.51642
6.51715	0.00359	1.04654	1.27962	0.81862	20.57984
15.7573	0.00748	0.4908	3.05364	0.68221	18.76497
19.85371	0.00319	0.57612	0.80062	1.03544	21.72752
19.27003	0.0091	1.55441	1.01405	0.70188	22.11865
12.11224	0.00691	1.01384	4.10604	0.89054	21.06068
10.62032	0.00606	1.78623	0.38925	1.00009	18.13086
12.40875	0.00855	0.82443	4.28336	1.19536	23.9636
7.76146	0.00601	1.62505	4.03232	1.0542	22.97815
7.79354	0.00804	1.70692	1.66423	1.44795	26.62494
13.6939	0.00582	1.26398	0.27218	0.53317	18.9856
7.90963	0.00433	0.83491	2.79027	1.43778	25.15276
12.33271	0.00223	1.96834	3.85753	1.11863	21.08035
8.75084	0.00519	1.76598	2.90883	0.55182	18.24821
10.70848	0.00343	0.30807	1.05571	1.25284	21.72877
19.36378	0.00632	1.64193	0.84449	0.65376	20.36012
7.20359	0.00382	0.64846	4.70638	1.43758	22.1412
12.16036	0.00568	0.99679	2.17967	0.54333	16.60083
9.87257	0.00323	1.45233	1.73885	0.87499	22.64858
14.78674	0.00453	0.67348	1.4041	1.44258	28.39578
19.85919	0.00881	1.82237	3.35414	0.76187	22.76912
8.52399	0.00498	1.51005	4.61013	0.95474	20.75948
10.0088	0.00694	1.7978	1.40749	1.069	23.97794
11.02658	0.00937	0.61458	0.50967	0.98089	26.28819
15.98594	0.0053	1.28637	1.77268	1.15326	26.33448
19.39502	0.00216	1.89044	0.91492	1.32325	23.18212
18.75137	0.00828	1.80779	1.47354	0.64987	21.15548
5.38209	0.00618	0.52961	0.59698	1.15456	25.26448
17.75117	0.00193	1.30389	0.32683	1.27187	21.32539
12.89066	0.00713	0.87853	1.47091	1.43446	29.94607
7.61274	0.0097	0.53625	2.13564	1.20669	25.58817
13.63152	0.00817	1.13057	3.56484	0.72655	20.77483
19.46576	0.00815	0.47029	4.3828	0.8753	21.56225
18.07683	0.00197	0.77015	4.11198	0.97293	16.15301
18.84148	0.00836	1.2943	2.86531	0.86899	23.1878
16.03076	0.0076	0.59104	0.3187	0.51836	20.22367
11.80755	0.00243	0.65258	1.75028	1.02981	20.21557
9.00465	0.00295	1.2977	1.2607	0.61556	19.75134
9.74797	0.00363	0.45534	1.45636	1.43949	24.34829
17.44463	0.00698	0.66028	4.08557	1.3162	24.15764
16.37519	0.00225	1.04571	0.56643	1.03492	24.56977
18.68519	0.00869	0.83488	2.85615	0.56042	18.37091
12.40934	0.00789	1.53616	1.22932	1.14745	25.36276
7.79973	0.00741	0.40447	2.22438	1.32328	24.55037
16.86715	0.00338	0.70348	2.16084	1.08848	21.3745
17.26267	0.00185	0.28617	2.72657	1.15604	16.29967
19.296	0.0052	1.1975	4.3379	0.87726	20.5236
12.73308	0.00607	1.99665	0.18442	1.08327	17.35885
14.62533	0.00953	0.72737	3.86091	1.00514	22.75148
13.94685	0.00594	1.4387	1.63051	1.03876	25.16348
10.72694	0.00694	0.6756	2.82734	1.01869	21.85628
13.94313	0.00618	1.02801	3.69361	0.54648	16.10761
11.27041	0.00648	0.37415	1.7143	0.89055	20.79303
17.27979	0.00249	1.19755	4.3346	1.2553	21.24603
5.5754	0.00715	1.10811	0.71301	1.20442	25.32591
19.15902	0.00706	0.33249	0.25914	0.82071	21.93842
16.5513	0.00858	1.74161	1.2287	1.08852	24.64749
5.52634	0.00817	0.80898	0.24031	1.17347	24.36978
8.02396	0.00384	1.83468	3.15984	1.29527	23.90935
7.84756	0.0066	1.36657	2.69694	1.24048	26.39925
6.00563	0.00271	1.57671	1.89614	0.78581	20.9897
8.40105	0.00826	1.24004	1.21508	1.26875	26.99861
18.71252	0.00815	0.28449	1.75268	0.94603	22.29173
18.12756	0.00418	0.27985	3.31151	0.78248	16.5246
8.88732	0.00681	1.23229	3.8482	1.31566	25.75099
9.94728	0.00711	0.57255	0.35263	1.40947	28.69339
16.30083	0.00841	1.71811	2.92893	0.87353	23.67364
11.41217	0.00816	1.06667	3.51667	1.02205	22.82244
10.58688	0.00963	0.68994	4.49254	0.57835	17.48818
18.79799	0.00878	1.91205	2.96493	0.58849	20.51314
5.88058	0.00781	1.52758	1.69494	1.42327	26.97521
7.34455	0.00933	1.07711	0.1439	1.08089	20.10033
11.83664	0.00773	1.54513	4.06284	0.52784	17.01895
17.7801	0.00301	0.83688	2.58432	0.55456	15.30041
13.32697	0.00783	1.47524	1.70373	0.91848	24.76532
16.14566	0.0052	0.27182	4.53712	1.37425	22.76165
5.94444	0.00348	1.47152	0.21022	1.32093	18.18107
16.33953	0.00439	1.91064	1.31474	0.63949	20.09463
15.653	0.00145	0.25029	3.66014	1.43611	18.97174
16.30308	0.00155	0.90809	2.03272	0.75022	16.68443
14.56325	0.00259	1.98803	2.00547	1.41466	24.55903
7.70418	0.003	0.30316	0.68171	0.7573	15.64534
13.10977	0.00791	1.54681	1.85069	1.03903	25.33113
11.80192	0.00133	1.12182	4.39995	1.30259	20.07384
15.88864	0.0042	1.05545	1.29674	0.53665	18.93877
10.25879	0.00207	0.63632	3.2319	1.40642	21.27238
5.65832	0.00561	0.53702	2.12148	1.36013	24.26553
6.19754	0.00794	0.9209	0.5695	1.21826	26.0656
6.59458	0.0053	1.737	1.99248	1.13219	24.09894
8.95171	0.0087	1.75597	4.72928	1.37522	26.97035
6.63149	0.00326	0.8656	3.88749	0.73115	15.1998
11.35387	0.00247	1.08103	2.22042	1.2506	23.46983
16.20419	0.00834	0.5691	2.05169	1.40859	28.48669
12.41239	0.00615	0.34166	3.35466	0.88374	18.95536
10.81393	0.00641	1.96579	1.77536	0.79101	21.75007
9.49543	0.00639	0.50077	0.65431	0.57512	18.67201
14.24165	0.00311	1.79977	4.07256	0.56395	16.28181
14.36432	0.00118	1.67327	3.02688	1.12146	21.74936
9.77759	0.00651	1.2858	3.40173	0.52736	16.04874
6.1166	0.00356	0.32678	2.46438	1.44333	22.10538
5.26363	0.00443	0.79825	1.35149	1.08501	22.55335
16.06856	0.00427	0.85389	0.18962	0.98611	23.47566
18.57877	0.00457	0.68306	4.98379	0.84103	17.64311
9.72214	0.00252	0.90713	2.30019	1.30909	22.63038
13.21439	0.00511	0.5678	3.0511	1.49071	25.28244
19.14693	0.0078	0.56667	0.29693	1.37262	28.74424
5.26953	0.00433	1.64027	3.76925	0.88754	20.55326
13.60246	0.00353	0.3423	4.5017	1.38796	21.76448
6.50872	0.00243	0.52351	4.75739	0.71733	13.86146
19.6073	0.00328	1.73954	0.10789	1.02025	17.86285
16.45416	0.00338	0.61712	0.35782	0.96844	23.42807
17.28786	0.00242	0.44841	3.6879	1.3134	20.60104
8.82828	0.00692	1.09894	2.11586	1.24393	27.3973
15.45517	0.00501	1.53265	1.27906	1.48296	26.39264
8.29621	0.00477	1.88148	3.25907	1.20379	23.57765
16.28663	0.00209	1.42751	0.3265	1.33746	20.44633
10.14281	0.00906	0.96979	1.0849	0.79507	23.38654
11.70253	0.00262	1.30645	3.25132	1.01297	20.31609
10.3637	0.00764	1.34773	3.62883	0.75452	20.95081
9.54408	0.00245	0.63975	0.94518	1.1268	21.38602
5.35933	0.00412	1.70485	4.71754	1.21125	22.52051
10.59565	0.00244	1.26099	1.79182	0.98268	22.41327
13.02073	0.0033	0.95575	3.30985	1.47447	24.33858
18.60696	0.00181	1.26765	0.24909	0.85993	19.93495
15.67262	0.00295	0.28878	0.33738	1.06129	21.09986
11.56076	0.00966	0.60579	2.14907	1.42029	30.00518
18.45091	0.00938	0.79356	4.65236	0.77192	21.48065
10.22449	0.00787	1.41686	3.77106	0.59467	18.58187
11.43403	0.00232	1.82533	1.97174	1.37235	24.43108
18.94386	0.00338	1.49509	0.29801	1.28148	19.59938
14.04277	0.00311	0.84086	0.37851	0.52952	20.08554
15.1511	0.0092	1.30131	3.31069	1.16418	26.54539
8.52303	0.00403	1.47762	0.58349	1.46391	22.70286
18.89935	0.00131	0.52975	1.36934	0.852	15.99538
13.14247	0.00123	1.25021	2.30285	0.72182	17.67942
15.82751	0.00678	0.61634	4.70535	1.32619	23.46222
9.51551	0.00284	0.36987	3.42832	0.82791	14.8258
5.34332	0.00836	0.84413	3.33322	0.68124	19.07829
7.07636	0.00875	0.78147	4.18568	1.37949	26.49128
18.87752	0.00806	0.68146	2.72055	0.5546	17.73025
13.81199	0.00623	1.34949	4.07232	1.10622	23.18003
8.85604	0.00998	1.24115	1.46455	0.86304	25.15178
12.79349	0.00967	0.48538	0.82037	1.09036	25.9428
12.95258	0.00945	1.45417	3.72321	0.55038	18.45926
5.50261	0.00492	1.95501	2.61339	0.54867	17.6779
5.02041	0.00705	1.20348	3.7162	0.73121	19.43716
19.53388	0.00985	0.29694	1.18217	1.3193	27.57349
15.39404	0.00734	1.77551	2.81976	1.39256	26.9236
19.5382	0.00919	0.56507	0.86115	1.29887	31.16906
9.33465	0.00287	1.72712	4.0775	0.52929	15.28978
8.57464	0.00495	1.21658	4.92171	1.06129	20.82264
16.01577	0.00538	1.72943	3.85973	1.25925	24.79456
19.64023	0.00315	1.68769	1.49721	0.86524	22.68275
9.06147	0.00184	1.03531	0.987	1.15543	25.68904
19.94258	0.00311	1.26037	4.44503	1.06419	20.56969
18.01878	0.00374	0.62997	1.50394	1.48422	27.36135
13.03378	0.00319	0.81194	3.93519	0.85058	16.37705
9.58066	0.00887	1.85594	0.75059	0.8625	19.77443
7.33446	0.00506	1.75872	1.64712	1.12059	23.91679
6.06235	0.00754	1.29618	1.47731	0.68511	21.64377
7.39714	0.00242	1.49443	4.01768	1.19068	21.23593
19.88415	0.0027	0.93215	3.23185	1.45891	23.67299
13.63576	0.00511	0.5859	4.17282	0.88045	18.07139
8.31903	0.00869	1.41316	1.17053	1.40865	26.71997
5.08038	0.00708	0.54688	4.51857	1.47794	25.78596
9.71598	0.00393	0.66929	1.88009	0.83723	19.03857
5.92492	0.00518	1.32429	3.12253	1.07367	22.56452
14.1799	0.0057	0.80051	2.33492	1.49199	28.66188
14.97978	0.00638	1.37969	1.99792	1.21916	26.66546
17.92892	0.00222	1.89232	2.748	1.22413	23.23407
5.62786	0.00549	1.24285	0.1443	0.64232	18.34584
11.80316	0.00122	0.43373	3.20761	1.2683	16.69491
16.20493	0.00297	0.81214	2.19252	1.2048	21.7471
18.41917	0.0081	1.99638	4.30967	0.77646	22.077
10.33533	0.00493	1.62299	3.21774	1.30977	25.23906
14.02613	0.00724	0.35621	3.03956	1.10346	22.33395
9.56052	0.0016	1.24952	3.43496	0.66601	14.99726
11.63841	0.00849	1.9217	0.56586	0.68398	17.52841
9.52847	0.00933	1.87161	3.80038	1.16889	25.40895
9.59432	0.00847	1.36523	0.14702	1.29437	18.25451
8.6365	0.00556	1.51187	3.47332	1.10576	23.63123
10.42102	0.00276	0.50575	0.87226	1.0921	21.16584
15.0926	0.00694	0.59338	1.96811	0.97986	22.04898
8.18124	0.00503	1.33075	2.67795	1.28738	26.14645
19.79525	0.00195	1.67587	2.75003	0.8439	20.74433
5.03127	0.0067	1.77257	4.65085	1.32347	25.02124
11.80111	0.00493	0.89685	3.74101	0.83997	18.7277
11.75126	0.00992	1.35564	2.91037	0.91635	24.29093
13.21632	0.00713	0.45264	0.18109	0.98655	24.918
17.57499	0.00247	1.19044	4.36407	0.95505	18.18332
9.65635	0.00514	1.91931	2.39374	0.82296	21.51796
6.9161	0.00222	1.44209	0.79136	1.44674	24.0404
16.82973	0.0089	1.73561	3.56889	0.64279	21.64296
16.57494	0.00933	1.8616	0.3768	0.97482	17.81629
16.75272	0.00126	1.74499	2.31134	1.38373	24.32869
11.83883	0.00821	1.45992	2.77668	1.12399	26.10894
13.53452	0.00699	0.56483	2.40931	1.46245	27.28881
12.63423	0.00502	1.58845	2.93979	1.47178	26.84743
10.47702	0.00479	0.98296	2.80291	1.09217	21.49554
19.6615	0.00724	0.7011	1.12393	0.51517	18.41776
19.35052	0.00936	1.31437	3.10125	1.46297	29.72082
19.14194	0.00742	1.4968	2.81607	1.43714	28.23984
13.77279	0.00492	1.57719	1.56623	0.873	23.30638
7.19023	0.00362	1.31113	2.60791	1.20646	23.94153
19.24957	0.00167	1.67326	4.03423	0.80668	18.18098
19.64932	0.00539	0.84542	4.76666	1.11179	21.92762
10.47458	0.00591	1.81713	3.93165	1.41636	25.92264
12.09408	0.00289	0.39456	4.38379	1.06243	16.35432
13.60843	0.00545	1.85922	3.05226	1.36523	25.57531
10.09399	0.00822	0.53231	1.84822	0.53137	16.59492
5.9017	0.00745	1.70829	3.85506	1.15376	24.47693
18.79334	0.00907	1.27075	4.34424	1.34813	28.1486
19.20222	0.00715	1.97842	3.4212	1.14995	24.70415
18.94067	0.00105	1.08392	1.05793	0.94565	22.83215
16.71041	0.00887	1.64406	1.90514	0.51111	19.18618
18.1445	0.00875	1.71215	1.99566	0.62062	21.52893
13.12108	0.00252	1.30953	2.21788	0.90083	20.69856
15.01255	0.00146	1.00582	1.93853	0.60875	15.90158
16.80352	0.00556	1.58941	0.37242	1.01033	19.25163
15.75875	0.00445	0.86322	1.29287	1.13159	24.89065
7.74407	0.00636	1.10778	0.18546	0.99989	20.2842
17.94317	0.00989	1.87894	2.80621	1.37667	27.63595
12.78787	0.00884	1.0402	0.28532	0.99322	22.39782
14.49754	0.00756	0.79592	2.34825	0.97682	22.23701
5.59863	0.00478	0.74924	1.17297	1.27237	26.46173
6.22585	0.00881	1.23014	4.51804	1.12453	24.07462
6.73383	0.00636	0.95397	3.67089	0.52301	15.16929
14.94177	0.00353	0.67668	1.7635	0.82119	19.11678
13.34126	0.00764	0.80959	2.64661	0.8686	21.62306
8.41333	0.00394	1.15278	3.4234	1.33826	23.91555
13.28043	0.00973	1.32662	0.99673	1.41364	26.97084
17.85053	0.00882	1.93984	0.93861	1.09697	22.73002
10.30006	0.00958	1.45717	3.34837	1.26271	27.51632
11.47288	0.00236	0.57602	1.2409	1.27834	21.9488
8.65208	0.0068	0.66105	1.48131	0.73385	20.4288
13.41907	0.00201	1.45085	2.59768	1.14021	22.94371
8.67293	0.00762	0.78097	4.4996	1.3618	25.2585
11.2016	0.00244	1.49545	1.62556	1.21909	24.6317
13.94638	0.00135	0.9382	2.27355	1.3261	21.89984
7.62799	0.00137	0.55298	4.23805	0.68089	13.738
18.40706	0.00822	1.92356	1.71663	1.14205	25.13287
16.7101	0.00886	1.78385	2.35484	1.27283	26.6587
19.53669	0.00125	0.92757	4.31787	1.31705	20.13513
8.21564	0.00243	1.36998	1.96845	1.3014	25.25771
13.46562	0.00939	1.19687	2.72462	0.51841	17.17838
16.24776	0.00149	1.2856	3.8108	0.8807	17.03057
18.31716	0.00556	1.7549	4.61149	0.66544	19.39089
15.92581	0.00988	0.76424	1.38333	0.87934	23.60167
10.97997	0.00941	0.28291	3.49275	1.18745	23.32284
15.66587	0.00526	1.60377	1.05231	1.06453	24.00244
10.99366	0.0011	1.73571	0.48142	0.53826	17.43523
11.09246	0.00947	0.54174	0.84629	0.67309	21.29066
17.54046	0.00121	1.41762	2.64565	1.39013	24.86468
16.87617	0.00388	0.45626	1.40201	0.86476	19.12728
10.84882	0.00913	0.69802	3.93469	1.4006	27.16627
11.06601	0.00842	0.25417	4.56535	1.3977	25.1397
7.19346	0.00727	0.43061	2.93402	1.3748	24.72355
12.84294	0.00198	0.50629	1.41617	0.81987	15.83089
18.70055	0.00356	1.04048	3.4859	0.61526	16.11351
9.3216	0.00277	0.96914	3.09412	0.88155	17.4899
15.56388	0.00345	1.86432	4.21485	1.02559	21.36308
10.23073	0.00842	0.77706	3.48824	0.73405	20.25478
10.02405	0.00759	1.38635	1.58899	0.94843	25.0209
10.0178	0.00658	1.13367	4.25486	1.08318	21.97752
12.24337	0.00695	1.38167	1.81449	0.70972	21.96064
17.3103	0.00425	1.63612	3.20581	1.3752	25.7044
5.24498	0.00431	1.26866	0.42078	0.55461	19.27133
5.50288	0.00382	1.62779	0.13338	0.60443	17.74279
17.0949	0.00262	0.69647	1.67891	0.705	16.86249
8.0749	0.00318	0.92209	3.3191	1.10905	20.44931
6.54997	0.00906	0.41574	3.68181	1.31143	24.80364
8.62167	0.00799	1.9444	1.99424	0.9701	23.53636
13.16423	0.00134	0.82986	2.92644	1.10054	18.84198
18.47207	0.00127	1.33243	2.325	0.62499	17.12205
19.14479	0.00907	0.99143	1.41342	0.80752	23.52065
16.28133	0.00163	0.64727	2.62183	1.45377	21.7375
6.24877	0.00653	1.61683	0.63754	1.42781	22.32552
10.82195	0.00479	1.86848	4.99563	0.73144	18.65846
19.25689	0.00657	1.82932	4.76083	0.60665	19.05972
17.8431	0.00943	1.85479	3.25777	0.97809	24.60141
18.76176	0.00328	1.87718	2.39603	0.73181	20.52889
15.86573	0.00676	0.30184	3.12392	1.32297	23.27806
9.6824	0.00361	0.45896	3.27874	1.2157	20.86722
11.64662	0.00346	0.89765	3.85077	0.94956	18.19403
15.35387	0.00491	1.02644	2.49552	1.24188	24.68304
16.58727	0.00642	1.35036	4.19203	1.33692	26.10856
13.01737	0.00503	1.2127	1.9252	1.0742	24.66969
11.11757	0.00787	1.04881	3.04377	0.52647	16.55243
16.23786	0.00254	1.16897	4.62383	0.91286	17.15172
9.338	0.00984	1.63516	2.57886	1.01543	25.23104
17.34259	0.00353	1.5978	2.50758	1.30764	25.31411
13.80111	0.00611	1.04268	2.74515	1.38267	27.45518
19.32705	0.00472	0.34544	0.72962	0.95295	21.49511
12.96639	0.00435	0.37555	4.91043	0.70482	15.66744
14.89462	0.00598	0.85351	3.52047	1.24197	23.18538
16.68269	0.0072	1.95328	3.83577	0.78576	21.86691
18.1606	0.00732	1.70748	4.55284	0.72885	21.59649
18.57552	0.00938	0.75543	4.36287	1.05447	23.12964
11.90623	0.00742	1.09352	3.57568	0.62346	18.27974
15.72604	0.00208	0.29738	1.43695	0.52281	14.69256
14.55862	0.00347	1.42221	3.01417	1.05627	22.30308
6.51879	0.00603	0.72007	0.15737	0.76805	23.34189
7.91692	0.00865	0.36204	0.10057	0.90302	23.2463
13.77943	0.008	1.11453	3.35786	1.17852	25.20534
18.8722	0.0071	1.521	1.22917	1.16108	25.67828
16.10391	0.00216	1.74131	2.00117	0.81243	21.23147
17.35093	0.00204	1.32341	3.16182	0.86545	19.21491
15.30764	0.00715	0.75144	1.75581	0.9706	22.29481
16.78152	0.00734	1.71305	1.68517	1.33082	26.39899
18.08906	0.00523	0.28539	4.9535	0.57421	15.74817
18.06069	0.00248	0.88258	0.42789	1.27788	25.648
6.94633	0.00473	0.97441	3.0096	1.22498	22.44489
6.74778	0.00531	1.86216	3.78798	1.38502	24.99038
6.33713	0.00975	0.67854	2.19264	1.0006	22.90194
5.99917	0.00443	1.16486	0.44014	1.38844	23.16426
16.70587	0.00348	1.89837	1.93994	1.23724	24.243
14.33679	0.00482	1.15465	1.30249	0.90876	23.83759
19.94803	0.00782	0.73909	4.00564	1.34582	25.89259
10.36226	0.0021	1.58843	0.55453	1.03759	20.80169
14.57316	0.00152	0.92637	1.46511	1.04454	20.92875
5.71111	0.00458	1.24971	3.61384	0.81045	18.89712
14.11893	0.00405	0.43365	2.80503	1.2233	21.68016
18.34503	0.00287	1.38289	4.78692	0.60874	15.44776
18.31207	0.002	1.51371	3.55066	0.89947	19.78193
8.9386	0.00713	0.59522	1.26197	0.72515	20.58097
16.99615	0.00462	1.46119	1.80383	1.32866	26.47446
17.04778	0.00593	1.6235	2.1942	1.30681	26.32856
12.05639	0.00935	0.32746	2.84692	1.11407	23.08463
12.88051	0.00999	1.15691	0.34184	1.15174	22.30478
11.83012	0.00817	0.90648	4.52224	0.6023	17.42925
11.67441	0.00728	1.63071	0.25464	1.08016	17.87568
11.26115	0.00811	1.89303	4.59658	0.92299	22.76314
17.24696	0.00572	0.42175	1.48284	0.92952	21.42706
15.14973	0.00571	1.38935	1.04738	0.70992	22.82877
18.36028	0.0036	1.36314	4.11779	0.66438	16.92023
7.54022	0.00648	0.94727	2.38619	0.55333	16.3008
16.2406	0.00111	1.9612	0.69321	1.31146	21.16708
17.27247	0.00662	1.98745	0.9891	1.28663	23.49456
15.188	0.00705	1.95526	2.01098	1.39757	26.13561
12.98128	0.00351	1.71913	3.93066	1.06655	21.97584
16.05133	0.00923	1.66703	3.38138	0.98743	24.87913
13.81051	0.00825	1.95496	3.26146	1.1371	24.92051
8.90678	0.00341	1.75968	1.50235	0.59292	19.55175
17.57246	0.00102	1.88081	4.28525	0.89846	18.13863
17.48903	0.00584	1.22266	3.52644	0.86767	21.20901
14.74662	0.00339	1.85942	0.17579	0.86743	17.48825
14.49551	0.00275	0.76443	0.92795	1.1731	24.67881
10.24085	0.00473	0.77188	0.75548	0.83592	21.41175
9.02827	0.00317	1.38318	0.42328	1.37021	21.61646
15.98928	0.0032	0.33806	1.33221	1.44985	22.74416
16.59433	0.00406	1.72384	4.7876	0.94318	21.04667
14.56292	0.00191	0.43452	4.49849	1.09114	15.12992
12.97975	0.00439	1.86387	3.99939	0.65792	18.43241
15.89499	0.00835	1.16451	3.93846	0.76593	21.32149
13.21458	0.00171	1.45634	4.6073	0.51189	14.30988
11.08369	0.00742	1.12869	3.0506	0.67268	19.79123
5.50179	0.00818	1.19884	1.17729	0.85425	24.72807
13.9794	0.00388	0.26098	1.43348	1.39707	22.5051
10.55824	0.00812	0.73735	4.08497	1.22043	23.65093
17.32076	0.00126	1.64854	3.84048	1.09797	20.82277
9.36578	0.00442	1.59172	0.49069	0.73238	18.9092
16.68258	0.00403	1.82361	1.43807	1.16473	24.12327
14.30548	0.00693	0.90999	0.95217	1.37525	28.63531
19.07274	0.00114	0.82966	2.93588	1.4528	21.66539
17.69876	0.0051	1.95226	0.9498	0.74199	20.05441
13.24094	0.00894	1.50238	1.94154	1.30355	27.37801
11.98736	0.00803	1.1051	0.64066	1.0929	25.08745
6.87499	0.0085	1.84218	4.2989	1.39039	26.72496
9.45513	0.00928	0.46819	3.63637	0.80703	21.04222
14.38407	0.00616	1.60507	3.03161	0.84933	22.48426
19.14778	0.00541	0.98963	0.32044	1.08594	23.74745
13.49198	0.00791	1.57826	1.26135	1.45377	26.5817
16.43659	0.00736	1.29747	0.40203	1.23898	22.19248
11.10125	0.00299	1.13881	4.53478	0.86564	16.53816
5.21097	0.00926	0.48655	1.46091	1.2258	26.05475
15.11373	0.00687	1.56194	4.19932	1.39453	27.03878
10.06442	0.00692	0.40671	3.09691	0.9803	21.23475
7.85351	0.00803	1.44971	0.76749	0.51198	18.7743
14.33487	0.00309	0.53392	1.2279	0.86735	19.15414
7.52898	0.00474	1.92107	2.11583	1.43289	25.2856
11.30901	0.00821	1.82493	1.51785	1.33908	25.76793
14.06935	0.00785	1.34046	3.39325	1.24667	26.80774
13.75277	0.00106	1.99005	1.18249	1.09633	22.22414
17.20389	0.00936	1.74909	3.92724	0.56937	20.18801
19.69424	0.0013	1.09103	2.43244	1.08763	20.85514
10.77405	0.00337	1.92469	0.49501	1.28689	19.20102
9.7315	0.00349	0.478	2.90656	1.48874	22.40306
5.65349	0.00977	1.84023	2.9191	1.37847	27.02576
13.10942	0.00698	1.85964	2.66505	0.90997	23.08617
17.62622	0.00126	0.44901	2.47649	0.76725	14.259
10.43466	0.00201	0.35317	3.60198	1.15691	15.93908
17.55746	0.00783	1.73306	3.37394	1.45036	27.76125
10.33805	0.00288	1.09617	3.33885	0.7924	16.65148
14.62258	0.002	0.58349	1.33484	1.23513	21.51227
14.78008	0.00968	1.14052	0.43287	1.03098	23.23619
7.68559	0.00462	1.55346	2.42607	1.32558	25.58116
15.27709	0.0041	0.61604	1.18403	1.0319	21.58014
19.90594	0.00386	0.80709	0.81079	0.87118	22.19497
6.82508	0.00308	1.082	2.34156	0.82287	19.21621
6.91954	0.00276	0.33307	2.81395	0.98266	15.30857
15.68369	0.0085	1.21852	0.38216	0.69012	20.78241
14.5747	0.00109	0.56718	1.2395	1.27353	21.30441
12.54368	0.00166	1.649	3.39714	0.78468	18.50982
18.66442	0.00123	1.54601	0.29465	0.96742	18.78245
12.48785	0.00475	1.18002	1.42959	0.55277	19.37701
7.03033	0.00771	1.0958	2.47479	0.52201	16.37055
14.33915	0.00102	1.21386	3.27612	1.08148	19.65867
14.59039	0.00557	0.66062	1.59835	0.75954	20.32136
14.14223	0.00372	0.48167	3.42483	0.7431	15.81779
14.06536	0.00947	1.66978	1.75426	1.01122	25.14052
12.5622	0.00703	0.75328	0.87839	0.77827	21.40753
6.89862	0.00893	1.97837	1.09482	0.76122	19.94336
7.44074	0.0053	0.66536	4.79972	0.53217	14.84547
5.39682	0.00105	0.44307	1.85344	1.07081	15.08719
13.42003	0.00293	1.8409	1.03656	0.99568	22.27073
8.418	0.0042	0.98888	0.88395	1.32534	26.97724
18.5182	0.00535	1.72109	0.49585	1.1702	20.2744
14.19678	0.00852	0.67321	2.47277	1.00845	22.57848
14.65184	0.00343	1.84107	3.57794	0.66363	18.45045
18.81062	0.00538	1.73213	0.88127	0.82088	21.56539
12.60757	0.00713	1.27271	0.76845	1.37643	25.57187
6.33867	0.00931	1.70645	1.53768	1.33086	26.06164
17.92024	0.00288	0.52599	4.18191	1.30806	21.19224
17.10523	0.00483	1.42092	3.84756	1.4786	27.23773
5.32854	0.0035	0.96179	2.77923	1.21162	21.29933
15.22686	0.00733	1.89319	4.55213	1.30504	25.67161
18.58277	0.00326	0.415	1.59037	0.76085	16.77135
5.20876	0.00835	1.40495	3.28245	0.95807	23.41741
19.80998	0.00549	1.32006	3.64036	0.51483	16.24926
18.60316	0.00874	0.80482	3.28183	1.35336	27.30882
18.86841	0.00515	0.57446	3.7389	1.22956	22.33116
13.87895	0.00159	0.419	3.66433	1.03951	14.58066
5.15864	0.00576	1.31762	4.09737	1.10228	21.90833
19.55734	0.00544	1.82015	1.7855	1.48441	26.52654
9.13903	0.00707	0.5888	0.52414	0.63273	20.62995
9.48125	0.00961	1.46475	1.65338	1.46133	27.95448
15.75283	0.00391	1.8871	1.94808	1.20343	24.19382
17.37515	0.00145	1.80718	1.88119	0.76721	20.64219
18.72092	0.00867	1.81627	3.06125	0.5298	18.8516
18.55855	0.00396	1.12616	0.3945	1.00167	22.96313
7.91069	0.00809	1.60315	3.62089	0.90548	23.06692
5.85798	0.00132	1.30157	2.24629	1.48808	25.65282
13.23273	0.00525	1.71308	3.09662	1.32351	25.49193
11.11569	0.00729	1.7338	4.35238	0.8436	22.07901
6.7274	0.00901	0.42828	2.87987	0.97603	22.07079
7.09607	0.00376	0.81576	1.94637	0.98645	20.64454
5.53112	0.00251	0.913	2.2332	1.31474	22.57056
14.08445	0.0042	1.48124	3.25721	1.1873	24.06461
10.422	0.00421	1.2993	0.18792	0.71439	18.63145
7.32546	0.00542	0.78597	4.64191	1.49153	24.976
10.13287	0.00918	1.11581	0.70184	0.57819	20.72915
18.39322	0.0036	0.85718	3.04891	0.56421	15.48494
11.36759	0.00389	0.42872	3.78318	1.28162	21.54819
17.39337	0.00715	1.31443	4.61634	1.03141	22.76922
12.85306	0.00706	1.57558	0.20967	1.42035	17.97688
11.24233	0.00315	1.69677	3.17357	1.24773	23.65756
10.81076	0.00481	1.8661	2.03844	0.97325	22.829
19.46706	0.00955	0.34514	1.82235	0.71521	21.30444
8.40415	0.00802	1.47173	0.72085	1.00755	22.58025
7.21296	0.00495	0.52669	2.24	0.68579	16.15207
14.87453	0.00903	1.97329	0.55744	0.85771	18.25582
9.45761	0.0091	0.48438	1.93948	1.3738	27.58506
6.38105	0.00374	0.42858	3.57697	1.43909	22.11436
11.03605	0.0047	1.0985	1.8125	1.13399	24.85054
7.75403	0.00688	1.18524	0.322	1.49776	22.15379
19.94942	0.00323	0.40056	3.48889	0.52197	14.94041
15.03761	0.00735	1.31893	1.49541	1.22309	27.03594
12.99262	0.00799	1.07727	0.93176	0.5148	19.72308
17.97935	0.0048	1.66753	4.41159	0.97347	21.98622
10.9194	0.00138	1.34812	3.93524	1.38941	21.68138
17.83523	0.00675	0.65629	3.15892	1.28978	24.32533
7.10937	0.0018	1.8311	4.93913	0.58933	14.64601
10.68981	0.00273	1.55408	3.22031	1.49591	25.47772
18.59789	0.00918	0.89926	1.95669	1.30635	30.10532
14.76884	0.00789	1.81143	0.1076	1.17374	17.96852
17.43944	0.00963	1.01647	0.97891	1.24911	28.25879
10.05496	0.00265	0.77914	0.73591	1.01675	22.97914
12.65405	0.00312	0.34866	0.83135	0.79389	16.57784
15.75425	0.00913	0.96031	4.31439	1.35078	27.1006
18.33188	0.00902	1.48342	2.82396	1.44402	28.87174
9.45956	0.00249	0.75688	1.49488	1.03418	20.68054
8.46928	0.00427	1.74213	0.14755	0.64543	17.77336
10.917	0.00356	0.50133	0.13502	0.97691	22.98731
5.23794	0.00743	0.70632	1.00916	1.23684	28.46968
10.69761	0.00346	1.24931	2.71975	0.89505	20.29451
16.64036	0.005	1.9585	3.61307	0.92166	21.87445
5.39485	0.00693	0.74585	4.04634	0.76405	18.13008
8.5526	0.00547	0.25019	4.5013	0.72529	16.06138
8.46035	0.00669	1.80111	4.14257	1.35343	25.64854
8.35915	0.0096	0.48628	4.62714	1.04318	22.54797
17.92089	0.00364	0.62926	4.73915	0.73515	15.92261
10.08888	0.00422	0.91023	0.3623	0.79643	23.46996
18.973	0.00139	0.88839	3.34643	1.37116	21.34435
9.66206	0.00827	0.60123	2.66118	1.49516	29.16344
16.6581	0.00594	1.62817	4.3928	1.18165	24.44754
9.32427	0.00804	1.10793	1.79563	1.12403	27.1335
5.48208	0.0043	1.30568	3.73398	0.70755	16.75665
6.6232	0.00622	0.94753	2.9416	0.77026	19.56701
8.39458	0.00973	1.31959	4.3336	1.43743	29.19908
7.66002	0.00207	0.78393	4.48336	1.12039	16.65249
11.30621	0.00828	1.2357	3.07439	1.41174	28.94039
10.13939	0.00912	1.73746	3.24984	0.81687	22.94885
16.42433	0.00331	1.50724	2.8289	0.53819	16.70016
5.12544	0.00703	0.36879	1.74706	1.05989	21.88871
13.06863	0.00449	0.78963	4.24749	1.34324	22.35583
18.10645	0.00498	0.96201	0.70351	1.29806	27.03236
9.98214	0.0087	0.55837	4.86481	1.36331	25.49972
8.43231	0.00465	1.88596	1.70038	0.96863	22.63463
15.15685	0.00476	1.78527	1.65656	1.41283	25.72443
5.16058	0.00779	1.71416	1.12561	1.09821	23.70711
12.41623	0.00944	0.88328	3.18242	0.51947	16.64056
13.82467	0.00452	1.68833	3.5975	0.65315	18.92056
14.82474	0.0071	0.58863	1.56743	1.15636	24.34761
19.01246	0.00126	0.52278	2.33691	0.69172	14.46177
10.04585	0.00888	0.50957	2.67193	1.21284	24.34325
15.3885	0.00909	0.64061	0.61494	0.77089	22.5775
17.03655	0.00475	0.38148	3.59017	1.08844	20.7859
11.54613	0.00908	1.04664	1.58502	1.49064	29.74843
9.58108	0.00304	1.88758	1.68726	0.67446	19.95608
11.62065	0.0072	1.54851	1.93717	0.84746	23.67567
10.12653	0.00565	1.83762	1.51304	0.50817	17.72749
7.39418	0.00662	1.00081	3.81216	1.33453	25.16222
10.45404	0.00532	1.93535	4.89961	1.32538	24.15787
5.34312	0.00256	0.42267	4.50385	1.2804	18.215
10.41736	0.00479	1.48761	0.62699	1.11087	22.21588
12.90475	0.00115	1.82686	1.59837	0.71359	20.17327
17.07762	0.00636	1.13929	3.5343	1.11088	23.19319
5.65267	0.00389	1.77658	1.84934	0.8723	21.73862
6.60544	0.00482	0.56379	2.07865	0.86555	19.06952
6.44088	0.0087	0.589	2.65559	1.16057	23.51809
16.03261	0.00709	0.71242	3.61146	0.53909	16.44535
7.00555	0.00997	1.55918	0.83255	1.05959	23.02448
12.47129	0.00199	0.83344	4.03272	0.65332	14.20944
6.38003	0.00118	1.75715	1.57982	0.82345	20.77267
6.11518	0.00761	1.15466	3.81771	1.10848	23.11946
5.2165	0.00752	1.24031	1.85061	0.73945	21.18044
14.9302	0.0014	1.77766	0.87064	0.66953	19.71649
16.23565	0.00152	1.27359	0.93699	0.61057	20.42066
10.60423	0.00811	1.84814	0.97569	0.56456	18.07853
14.67358	0.00309	0.66488	0.22964	1.44498	26.5053
6.60765	0.00569	0.37198	0.46062	1.13309	23.0026
12.88297	0.00942	0.45214	3.655	1.13503	23.20888
6.89624	0.00298	0.42331	4.32879	0.99603	15.44204
16.93095	0.00625	1.13624	0.41239	1.06949	23.23229
12.04998	0.00375	0.85119	3.34161	1.3555	22.51241
17.34424	0.0064	1.69995	3.45461	1.17193	24.97255
5.1288	0.00531	0.51649	2.54973	1.31155	22.43305
17.29276	0.00931	0.25436	1.40594	0.80101	21.84614
6.34332	0.00901	0.59775	0.15837	0.57122	20.22779
19.5986	0.00353	1.82515	2.45565	0.58138	19.03282
5.50911	0.00411	1.41411	2.93353	0.61383	17.00811
15.45477	0.00237	0.86286	4.93693	1.22835	19.82382
14.86246	0.00159	1.01792	0.24079	1.23897	22.4705
18.78866	0.00857	0.58072	1.07623	0.77849	21.98184
6.34187	0.0031	0.67095	0.98103	0.72357	18.63637
8.9509	0.00341	1.20218	3.47815	0.82543	18.13125
19.18394	0.00868	1.85224	3.30371	0.86127	23.43766
11.77734	0.00925	1.46697	2.31358	0.66578	21.85608
12.23886	0.00225	1.19814	2.89083	1.41307	24.3857
6.93403	0.00851	0.51545	0.91751	0.52372	17.20675
12.76397	0.00988	1.32738	0.11896	1.26489	18.29518
16.65017	0.00119	1.38637	1.20186	1.39939	25.49415
15.05732	0.00212	1.35643	1.53529	0.63939	19.86724
9.90763	0.00176	1.98857	4.47392	1.21707	20.79812
12.69216	0.00899	1.76681	3.34959	1.35243	27.23369
11.03798	0.00665	1.54369	2.53612	1.02134	24.49357
16.34277	0.00797	0.89428	2.4406	0.88167	22.0394
16.22484	0.00366	0.26353	4.61664	0.62403	14.96637
11.95915	0.00121	1.1177	1.13696	0.76633	20.14958
9.56416	0.00794	1.12151	3.63574	0.79195	20.90919
10.99668	0.0074	0.48881	0.4319	0.81586	21.48281
14.2795	0.00155	0.33633	3.45025	0.65077	14.25956
6.0894	0.0079	1.45657	2.70335	0.72998	21.28767
7.67211	0.00129	0.34782	4.40896	0.74395	13.58513
12.37828	0.00814	0.48656	2.28596	0.54333	16.75601
10.71727	0.00598	0.41087	1.98693	0.95225	20.91751
14.0618	0.00523	1.90626	3.43073	0.9321	22.09611
16.5034	0.00748	0.47805	2.38694	0.9635	22.07516
7.79972	0.00729	1.15011	3.15845	0.73471	20.24936
12.09453	0.00708	0.2994	0.8168	1.04959	22.34881
10.24628	0.00899	0.79834	2.83751	0.71612	20.65281
17.96621	0.00224	1.06176	2.46884	0.74297	17.65419
19.71671	0.00417	1.31829	1.66296	0.67612	20.83216
5.70799	0.00437	0.679	0.47804	0.79852	20.53092
7.68817	0.00747	1.89757	0.73595	1.20848	21.17555
17.69371	0.00294	1.07909	0.99735	0.70764	20.76395
5.14955	0.00322	1.01522	0.78939	1.00923	24.98609
10.38958	0.00136	0.76109	4.83341	1.03678	14.65902
17.97245	0.00291	1.68217	1.20108	0.72097	21.48766
5.29476	0.00591	1.37809	1.28913	1.0174	24.58493
11.44774	0.00324	1.09065	4.09839	0.58263	14.85698
5.73349	0.00467	1.58616	3.40317	1.3411	25.04388
9.33859	0.00882	1.67905	0.2026	0.60723	17.32388
16.14036	0.00485	1.01979	1.82047	1.05208	23.60703
16.4363	0.00811	1.9985	4.74209	1.03239	23.68761
9.42161	0.0013	1.59685	2.01058	1.15328	23.12066
13.30033	0.00123	1.68543	4.09245	0.52084	14.67073
12.63505	0.00194	1.8897	2.5729	1.01871	21.51608
6.42273	0.00484	1.69378	2.39607	0.98208	22.8269
6.02509	0.00826	1.87258	1.44886	0.75873	21.58784
19.17573	0.00505	1.02658	4.39365	1.20585	22.339
15.5462	0.00424	1.38552	1.60295	0.93849	24.21393
18.7361	0.00718	0.648	2.92219	0.73384	20.16469
5.4826	0.00129	1.54926	0.65251	0.52343	18.26173
18.71192	0.00896	1.07666	2.84705	0.60975	20.30481
17.11027	0.00689	1.0574	2.38784	1.4177	29.45872
5.48147	0.00472	1.97819	3.27591	0.92963	21.12658
14.34363	0.00475	0.41646	4.6848	1.0951	20.32427
18.79147	0.00866	1.29282	3.35132	0.95681	23.90876
11.79553	0.00533	0.51233	2.48709	1.4059	24.46411
16.91697	0.00636	0.67519	1.99486	0.77603	20.71977
15.07584	0.00742	1.7355	1.88982	0.55145	19.62333
19.25838	0.00469	1.84098	2.36058	1.31988	25.44379
12.28856	0.00163	0.37923	0.81164	1.05806	19.1111
13.55816	0.00746	0.74805	4.21102	1.32003	24.79444
13.71897	0.00296	0.34165	2.81006	0.57469	14.56773
10.85937	0.00854	1.22563	4.70258	0.74634	20.75957
6.23549	0.00911	1.28355	1.6288	1.38283	27.99892
13.10067	0.00552	1.28985	4.85892	1.02806	21.40405
8.10259	0.00401	1.77892	4.14002	1.26168	23.25639
6.87148	0.00579	0.94473	0.27496	1.40864	23.52491
14.09772	0.0017	1.08712	2.71765	1.03012	20.12198
5.68958	0.00207	1.21173	1.3268	1.33749	25.78177
12.96732	0.0042	0.29799	4.42217	1.18202	20.58407
15.52604	0.00541	1.1022	3.61402	0.975	21.34723
11.6906	0.00804	0.44756	0.89194	0.84387	21.76066
13.71605	0.00857	0.92428	4.72425	1.49751	28.87347
13.50182	0.00494	1.95298	1.42796	1.40297	24.90065
5.67293	0.00588	0.6719	4.58219	0.96349	19.70029
5.67192	0.00355	0.62838	2.12099	0.64654	15.17614
8.17482	0.00805	1.72266	0.69636	0.61432	18.23292
17.81424	0.00166	1.62381	2.22424	0.9665	22.20073
10.48523	0.00862	1.79405	2.75474	0.66773	21.41177
11.76412	0.00449	1.86126	4.757	0.69865	18.25932
7.87557	0.00801	1.7605	3.74145	1.39838	26.8617
16.2844	0.00953	1.50369	2.01607	0.63995	22.25332
14.0152	0.00558	1.52272	0.43925	1.43789	21.30755
5.19208	0.00203	1.21979	1.81538	0.58378	16.69592
13.36824	0.00604	0.51444	4.91743	0.57021	15.79729
14.30496	0.00987	1.72103	0.58454	1.44403	21.87386
10.11718	0.00495	0.3404	2.2109	0.97211	19.46906
19.80941	0.00689	1.32447	0.71558	0.93221	23.77194
7.60362	0.00662	0.31246	4.6843	1.3671	23.03917
19.766	0.00979	1.35495	4.94692	0.70093	21.6731
5.95447	0.00585	0.96448	1.7093	1.35727	28.58903
13.72449	0.00988	1.49883	3.12462	1.41731	28.7794
7.71148	0.00766	0.31363	4.21859	0.76525	18.16321
7.04562	0.00956	0.58473	3.08307	1.44944	28.53053
18.37677	0.00411	1.91871	3.55057	1.33368	24.51625
9.33412	0.00551	1.31604	1.25594	0.58268	20.14038
10.80915	0.00302	1.92786	0.61882	0.54811	17.00375
5.62313	0.00333	1.13489	2.37938	0.92722	20.14895
14.61805	0.00577	1.92487	3.9681	1.25281	24.4558
13.07616	0.00646	1.60763	0.54955	0.51189	17.83676
14.73077	0.00331	1.3937	0.88326	0.62994	21.37194
5.8037	0.00431	1.97488	4.95908	1.49397	24.48785
18.50613	0.00667	1.58433	1.75634	0.80002	23.42907
19.84997	0.00283	1.33432	3.798	0.89752	19.58311
17.48094	0.00539	0.74075	3.07454	1.13066	22.11507
17.76276	0.00468	0.96241	2.71912	1.15034	22.54206
13.48898	0.00194	0.7492	3.80142	1.01608	16.43912
12.26918	0.00742	1.15282	4.52386	1.36319	26.20134
11.4016	0.00793	1.10987	2.72473	0.69816	20.57663
17.67767	0.00641	1.83003	1.42646	1.20662	24.93457
9.21053	0.00787	0.9687	2.74092	0.81998	21.16548
9.52484	0.00305	1.58808	4.37486	1.25279	22.55551
14.59471	0.00485	1.11404	3.51777	0.75903	18.84359
8.14956	0.00554	0.94391	0.38707	1.03948	24.11018
19.19682	0.00377	1.49954	3.42249	1.1671	23.59609
14.30564	0.00241	1.92087	0.33969	0.88947	17.33376
8.69731	0.00275	1.18898	0.15638	0.80631	19.13725
10.51943	0.00905	1.22366	2.7927	1.33391	28.72779
11.37896	0.00925	0.86429	1.44522	0.59342	20.35389
5.64091	0.00546	0.30028	4.16787	1.38382	22.60707
11.85912	0.00189	1.47683	3.19352	0.63838	16.19387
19.68984	0.00895	0.95731	0.55669	0.63611	22.24787
19.25155	0.00504	1.69447	1.46477	0.98661	23.9687
14.9348	0.00866	0.73004	2.35506	0.71857	21.0006
6.30577	0.00136	1.359	2.7994	0.60641	15.25953
10.30621	0.00753	0.57261	1.83968	1.10903	22.93821
5.35815	0.00597	1.9467	4.50705	1.31718	24.25785
17.62563	0.00218	1.02547	3.92082	0.72891	15.51988
16.39451	0.00364	0.65389	1.01027	1.16446	23.70041
8.938	0.0076	1.01107	1.50998	1.49485	29.41085
6.1858	0.00991	1.5405	1.42477	0.94166	24.47132
13.68517	0.00499	1.6321	1.4992	1.45922	26.23689
18.03882	0.00821	0.57196	3.96909	1.1363	23.08935
9.77807	0.00226	1.46276	3.28361	0.68694	16.73626
12.18124	0.0075	1.48416	3.45158	0.83962	22.18368
7.97926	0.00519	1.20085	1.39096	1.13523	26.05722
12.80598	0.00248	0.34481	4.8797	0.79927	14.30487
18.67979	0.00543	0.53889	2.16349	0.99049	21.66004
18.89496	0.00928	1.49893	0.54345	1.29431	22.58049
12.55138	0.00866	1.3395	3.16845	0.53852	17.90158
5.38994	0.00853	1.7147	0.27882	0.84758	17.23478
14.52199	0.00461	1.68988	4.16986	1.44673	25.84443
7.25595	0.00814	0.47879	1.7338	1.30272	26.0201
18.43441	0.00854	0.4865	0.31363	1.09381	27.86834
13.35567	0.00197	1.12593	3.30505	0.61762	15.0008
14.52799	0.00733	1.65435	1.93664	1.35462	26.75675
6.54254	0.00104	1.39711	4.27929	0.66782	14.11569
7.46738	0.00288	1.3245	1.62148	0.79455	20.87852
11.97388	0.0046	1.45442	2.39364	0.62551	19.58483
7.67307	0.00198	1.5504	3.96304	1.11156	20.36304
15.85427	0.00779	1.61601	2.60608	0.69764	22.12844
5.07842	0.00437	1.6359	3.19297	1.45069	25.66912
12.65223	0.00445	1.12101	4.44869	1.02145	20.52027
19.43977	0.00222	0.6183	0.26369	1.49878	27.60979
12.88756	0.00727	0.63629	4.63089	0.62747	17.23633
16.56055	0.00654	1.34745	2.25765	0.85078	22.99727
12.45728	0.00119	1.48003	1.78187	1.02985	22.96931
12.77726	0.00779	1.11819	2.6234	1.24539	27.11275
14.05286	0.00743	1.84317	2.93893	0.59145	20.00715
18.7372	0.0031	1.26957	4.07379	0.76278	17.31971
15.95514	0.00434	0.76223	1.7636	0.66501	18.02869
12.31051	0.00745	1.92922	4.47278	1.21542	24.75941
8.96738	0.00361	0.95246	0.79886	0.8036	21.73373
14.08511	0.00537	1.95392	4.85409	0.56965	16.6829
14.29213	0.00719	0.79867	4.24797	0.77532	19.91391
13.99287	0.00698	1.61256	0.73674	0.65295	19.68727
15.64657	0.00435	1.05455	0.24808	0.75554	21.4078
16.27876	0.00806	1.83504	1.72753	1.26181	25.88399
6.86321	0.00937	1.04213	3.48403	1.16779	25.34394
17.03446	0.00712	0.6543	3.91051	0.5505	16.6608
8.22933	0.00266	1.33507	3.4646	0.52094	14.52032
11.63046	0.00341	1.58904	4.34251	0.73755	17.55807
19.32468	0.00788	0.43781	0.3557	0.87082	22.60468
19.72104	0.00344	0.95632	4.28441	1.23638	21.76626
13.6546	0.00167	1.25622	4.18132	0.55266	14.22597
19.39171	0.0054	1.28754	4.96476	1.4797	26.50715
16.95247	0.00876	1.50751	0.16396	0.9614	17.80587
6.4723	0.0095	1.35376	0.15983	0.96889	18.13417
11.30086	0.00614	1.7102	1.36378	0.95688	23.4816
16.05321	0.00975	0.31017	1.12658	1.29833	27.25356
5.50369	0.00931	1.61354	3.53936	0.62162	20.39917
19.15984	0.00385	0.64143	3.94377	0.50874	14.73864
17.71894	0.00455	0.68554	1.08932	1.2431	25.85919
19.93383	0.00142	0.49715	0.1986	0.70118	18.09933
9.82274	0.0091	0.38746	3.74444	1.15946	23.07718
7.27858	0.00648	0.3063	3.17829	0.56079	15.4743
18.85486	0.00881	1.36028	4.00524	0.82468	22.46715
11.09435	0.0013	0.95438	4.37041	0.7157	13.99509
16.70644	0.00183	0.37952	4.59013	1.13587	15.26628
8.76359	0.00547	1.39344	3.24096	1.37458	26.6294
8.9554	0.0078	0.50905	3.23625	0.99849	21.87919
19.20342	0.0061	0.32683	1.85487	0.83957	20.10708
14.54011	0.00737	1.73692	2.51913	0.85488	23.21553
11.40417	0.00138	0.88791	1.07548	1.33537	26.79846
15.27401	0.00495	1.78084	4.94193	1.37796	24.97297
19.79881	0.00583	0.96212	0.20889	1.11675	22.82056
16.19216	0.00213	1.79932	4.56297	1.08132	20.65807
15.27024	0.00381	1.84116	0.60391	1.07985	20.26994
6.74467	0.00511	0.79111	2.33298	1.14352	21.71824
14.34264	0.00328	1.94463	0.74182	1.13484	21.01463
15.58638	0.00704	1.92703	1.57702	0.84829	22.6369
12.26986	0.00898	0.44766	1.64179	0.72766	20.97893
12.68325	0.00296	0.76473	1.33534	0.5571	16.14025
14.82413	0.00749	0.52927	4.68873	0.84453	20.44607
14.31867	0.00178	1.77215	3.94434	0.61373	16.28099
11.32675	0.00902	1.39524	0.96886	1.09148	25.1459
10.52462	0.00642	0.74218	4.03337	0.54302	15.64514
12.22943	0.00811	1.25767	4.24096	1.40246	28.02976
12.70417	0.00566	0.50815	1.31471	1.28447	24.88494
10.7863	0.00723	0.38415	1.34439	0.91893	21.67464
16.57058	0.0091	1.1652	2.72496	0.96263	24.22344
6.57564	0.00558	0.40707	3.20227	1.12958	21.31197
6.81938	0.00899	1.96502	0.34648	0.61713	16.72151
7.48663	0.00235	0.93491	3.09584	0.65541	14.80643
15.26845	0.00613	0.79063	4.53011	0.90813	20.47658
19.78757	0.00439	0.59264	3.09451	0.57246	15.81706
14.00977	0.00147	0.57748	1.00656	0.59919	15.54132
16.14249	0.00351	0.72112	1.91478	0.67748	17.05754
17.20963	0.00463	0.40963	1.48167	0.66081	17.16659
6.85328	0.00973	1.03004	0.89098	0.80379	24.33492
6.35317	0.00631	0.73083	0.13765	1.46799	24.31149
17.81645	0.00276	1.80992	0.14216	0.53273	17.99223
9.35109	0.00192	0.94531	0.3243	0.63549	21.35481
14.80469	0.00235	1.41823	0.57362	1.26609	22.75618
15.49119	0.00408	1.88071	1.57004	0.96196	22.87337
15.94394	0.00398	1.634	3.88564	0.98557	21.80856
8.47925	0.0052	0.5939	1.25455	1.43634	28.3595
15.92029	0.00295	1.32746	3.00395	0.55692	15.81943
12.48705	0.00856	0.52365	1.47057	0.68604	20.6494
16.84722	0.00227	0.44233	0.75232	0.64636	16.20476
6.86944	0.00979	1.59439	2.54196	0.52265	18.14831
9.40987	0.00321	0.76487	1.14844	1.28172	25.43375
10.74494	0.00641	0.92788	4.73303	0.62941	16.59174
5.13763	0.00911	1.34643	4.78474	0.76871	20.91485
11.96502	0.00906	0.58103	1.52844	1.37318	29.87626
18.0947	0.00651	1.56373	4.26945	0.69442	20.45332
7.23063	0.00399	1.49002	4.71972	1.40019	24.2053
18.10525	0.00612	1.25529	1.41922	0.78465	23.21015
19.61963	0.00965	0.56985	3.39394	1.00566	23.05711
9.78312	0.00446	0.4128	1.91947	1.17422	21.64706
5.38838	0.00847	0.74715	0.50465	0.56151	19.95715
10.12946	0.00957	1.18246	4.00413	1.06831	24.36733
12.04071	0.00528	0.38327	2.10533	0.5495	15.50803
19.18505	0.00483	0.80412	0.15347	0.98619	23.81198
15.63497	0.00147	1.66565	2.31834	1.00464	22.04573
10.70902	0.00109	1.68541	1.48209	0.96478	22.18876
8.7238	0.00482	1.38543	0.2604	1.47313	19.65125
7.45012	0.00688	1.67449	2.75844	0.74935	21.67885
18.05248	0.00772	0.32046	0.61847	1.0136	22.64896
13.15254	0.00481	0.97076	1.23132	1.48867	28.74716
18.93833	0.0053	1.11396	3.22713	0.53243	16.29074
5.37419	0.00249	1.31497	0.58201	0.93975	21.87442
11.44319	0.00651	1.30195	0.75136	0.83368	23.05636
15.40342	0.00921	0.69732	1.68997	1.17913	26.62829
7.34639	0.00855	1.85086	3.50392	0.74188	21.64507
17.37911	0.00819	0.73051	2.9446	0.74871	20.99878
16.60126	0.00653	0.25484	4.14988	1.11148	22.04635
8.66392	0.00775	1.90082	2.80001	0.69744	21.09113
11.39546	0.00107	0.25498	1.56768	0.92003	13.91103
11.34415	0.00916	1.15595	2.45097	0.78393	21.88541
19.66424	0.00562	0.31138	4.83845	1.44639	23.46955
12.66759	0.00849	0.73505	4.7304	0.8003	20.82633
6.91985	0.00279	1.70488	4.4561	0.97784	19.77316
18.53442	0.00704	1.54319	0.49581	1.16266	21.34221
8.19179	0.00467	0.51588	1.04661	1.41161	26.64801
9.0293	0.00596	0.91463	3.7898	1.30483	23.74496
6.12395	0.00947	0.83814	0.52075	1.43878	27.01887
18.59911	0.00848	0.47506	3.96142	0.54545	17.37275
15.45409	0.00962	1.61219	4.84205	1.42354	28.44427
19.35013	0.00704	0.9556	1.2139	1.40635	29.29485
9.62843	0.00645	0.34574	0.88812	1.23595	24.01985
19.39084	0.00703	1.83925	4.99043	1.43729	26.84932
16.40969	0.00245	1.93995	2.96497	1.14736	22.46731
12.64992	0.00958	0.40103	4.86342	1.30288	25.05157
13.36779	0.00186	0.75233	2.5914	1.44797	21.84471
9.59521	0.00727	0.53987	3.83482	1.19754	22.64439
12.57393	0.00462	1.3837	0.90036	0.70754	22.21708
12.17592	0.00623	1.85171	2.21268	1.17391	24.74055
11.64915	0.00468	1.69248	0.4358	1.09259	19.31026
5.38473	0.00186	1.27168	0.42202	0.82579	20.76557
8.90025	0.00342	0.79946	0.37269	1.4012	25.87164
9.99478	0.00572	0.51554	1.47457	1.04429	21.77836
7.87993	0.00835	0.8245	4.10777	1.12745	22.74919
11.70931	0.00103	0.98168	2.79246	0.83854	15.63371
19.95863	0.00893	1.02927	3.21404	0.52649	17.80454
6.99431	0.00854	1.92765	0.60072	0.78564	17.97256
15.29435	0.0091	0.9744	3.7648	0.86763	22.12578
17.19199	0.00678	0.8826	3.36828	0.69703	19.52018
13.2768	0.00361	1.79687	1.80515	1.37016	25.09156
16.684	0.00901	0.59636	1.78384	1.18228	25.97707
18.89373	0.00966	1.57034	0.19526	0.90457	17.72557
11.12264	0.00146	1.86851	3.23207	1.45539	23.5254
15.70728	0.00769	1.74059	3.91004	0.94513	23.479
12.68547	0.0042	0.63946	0.70204	1.0431	23.27136
16.83815	0.00969	1.75177	1.16164	1.45799	26.16592
11.18624	0.00768	1.44313	2.23704	1.09737	25.88522
11.51398	0.00478	1.70978	2.83495	1.31255	25.19907
14.62007	0.00115	0.37297	1.1947	0.54707	14.7142
7.34321	0.00631	0.33724	3.36235	0.8323	17.71346
7.4991	0.00339	0.54288	3.12645	1.00819	17.23834
8.28863	0.00123	1.47163	1.99871	1.14027	23.27433
14.13794	0.00554	1.52534	0.69096	0.8585	21.56561
15.62457	0.00624	1.18874	3.79508	1.14421	23.31868
6.16081	0.0062	1.95381	4.77882	1.32057	24.37868
6.60709	0.00762	0.52403	3.3635	1.06725	22.01461
12.15582	0.00904	1.59978	2.88202	0.97058	24.78394
9.77944	0.00604	1.22797	4.91598	1.2646	23.52567
8.83911	0.00558	0.36598	4.09486	0.60708	15.5975
8.45898	0.00306	0.56366	1.37264	1.36452	23.73167
5.33555	0.00849	0.63729	4.88746	1.21985	23.08214
10.05521	0.0099	0.64526	3.74427	1.11577	23.46775
12.9488	0.00777	0.30167	4.57235	0.78265	19.36028
6.49118	0.00755	1.55753	3.44179	0.77869	21.48708
15.93167	0.00871	0.7575	3.05883	1.19556	25.02809
6.71503	0.0016	1.59421	1.11436	1.42335	24.31812
14.66981	0.00185	1.64925	4.15939	0.63946	15.89085
19.94103	0.00311	1.36935	0.13508	1.00148	18.33799
13.17827	0.00306	0.45056	2.75739	0.68242	15.06844
13.6095	0.00958	1.42001	1.3391	1.33525	27.26466
14.38999	0.00665	1.09978	2.08136	1.21634	27.07029
17.85411	0.00449	1.16778	2.56457	1.05038	22.60425
19.94686	0.00995	0.54874	0.25027	0.8453	25.16244
10.03116	0.0066	1.10432	0.79004	0.54295	19.85449
16.4096	0.00852	0.75934	1.54391	0.7711	21.7245
9.3068	0.00615	1.7221	4.66285	0.92748	21.86331
15.53212	0.00163	1.58632	3.28635	0.83761	19.32235
11.98639	0.00713	1.37556	1.56893	1.33887	27.2004
16.08008	0.00496	0.97485	1.63256	1.27747	27.50317
13.59004	0.00381	0.29372	3.38183	0.52315	14.62862
5.04231	0.00239	1.42825	0.21521	0.79832	18.01289
19.56171	0.00589	1.37071	0.85759	0.56553	20.92754
7.31449	0.00278	0.63826	2.16209	1.12399	20.49763
6.31853	0.00206	1.9807	0.11157	1.26963	18.71933
19.15774	0.00603	1.55974	4.52467	0.6723	19.54309
10.84002	0.00621	0.31459	1.05829	1.18534	22.49477
10.4039	0.0021	1.99352	1.95232	0.82376	20.56075
13.89625	0.00758	1.7818	1.36297	0.90165	23.30794
17.66945	0.0023	1.15961	1.64365	0.77123	20.39795
18.02156	0.00322	1.39797	1.57756	1.37496	26.4058
16.05547	0.00324	1.95368	2.97933	0.75155	19.82437
19.1273	0.0063	0.45682	1.66621	1.31497	25.14339
6.5478	0.00923	1.31358	2.13512	0.66526	20.97027
12.05031	0.00439	0.75039	4.64976	1.05719	19.97847
15.89764	0.00402	1.09118	4.46554	0.99794	20.10775
18.30294	0.00769	1.06689	1.5942	1.09898	27.33798
14.75988	0.00964	0.32591	0.71484	1.39785	30.63306
18.28431	0.00828	0.74792	2.85473	0.91757	22.27271
11.58125	0.0092	1.24001	0.96997	1.42362	27.16502
8.8837	0.00994	1.68715	1.45359	0.98999	24.44201
13.33687	0.00646	1.01283	0.66293	0.96544	25.43128
13.8067	0.00603	1.29789	0.5091	0.9471	22.2555
7.1148	0.00614	1.178	2.02346	0.95647	23.17066
11.58854	0.0044	1.91744	3.53235	1.15169	22.96785
17.29255	0.00328	1.42515	4.46301	1.13531	21.33358
5.24394	0.00114	1.79596	2.83553	1.25952	22.13516
10.26606	0.0058	1.39154	2.50612	1.18562	25.79353
8.05406	0.00257	0.51351	4.90769	0.94192	14.83726
14.6498	0.00742	0.67546	4.35337	1.08161	22.29175
18.24994	0.00267	0.42414	0.94701	0.81388	17.3225
5.82217	0.00825	1.36041	1.82644	1.33005	27.3615
13.11547	0.00224	0.58313	4.05118	1.26654	19.59467
19.91813	0.00568	1.31801	0.31807	0.8419	20.21793
8.37531	0.00988	1.32151	0.43384	1.41204	22.40553
15.70528	0.00367	0.75794	4.94345	1.21387	21.19574
18.69759	0.00784	1.31968	4.24488	1.04335	23.64231
7.81361	0.00457	0.8547	0.45187	1.23502	25.69122
9.9331	0.00142	1.03538	3.68772	0.86377	15.27785
10.93294	0.00625	0.56266	2.86533	0.67654	17.22315
18.55144	0.00492	1.83717	2.45916	1.20426	24.7413
13.61857	0.00207	1.54632	4.19581	0.5163	14.56696
15.89154	0.00723	0.85879	2.16643	0.93586	22.09841
18.19364	0.00106	0.89648	3.35046	0.59842	14.45938
19.49871	0.00838	1.78856	3.45016	1.13468	25.57488
7.69806	0.0058	1.59407	1.24994	0.60489	20.31787
9.0421	0.00764	0.8743	3.99717	0.89978	21.17695
18.84676	0.00808	1.50722	1.11771	0.98456	24.82738
15.40541	0.00356	0.80814	2.45977	1.00081	20.7667
13.86961	0.00108	1.29419	2.26821	0.78167	18.91426
13.34595	0.00834	1.03255	3.18778	0.81789	21.57679
10.99592	0.00334	1.1921	1.76858	0.73319	20.054
14.0107	0.00142	0.50439	2.29064	1.40815	21.20248
11.73443	0.00853	0.27317	3.14629	0.73305	19.49425
15.82108	0.00948	0.95307	3.31808	0.70519	21.13558
5.82967	0.00951	0.7	0.47708	0.91319	25.56541
15.33068	0.00846	1.042	3.43706	1.44474	29.63599
7.53389	0.00292	1.58027	4.10292	1.0439	20.49814
15.31917	0.00796	1.84107	3.73794	0.6343	20.80367
7.33337	0.0094	1.4133	0.66837	1.27573	23.55389
6.59338	0.0063	0.77615	4.15506	0.51659	14.87655
9.1924	0.00495	0.91192	1.50219	0.54598	17.14395
9.14022	0.00552	1.52729	4.19989	0.58953	16.53262
19.43794	0.00336	0.54199	4.09071	0.67789	15.5096
10.22638	0.00862	1.47958	2.23447	1.41373	28.00208
7.18633	0.00791	1.83048	2.93748	0.63622	20.37803
14.44268	0.00244	1.83769	1.10684	1.38341	24.00094
14.03095	0.00268	0.42749	0.74039	1.39344	24.71502
14.17094	0.00721	0.65747	0.44139	0.93761	25.15089
6.76009	0.00172	1.15177	4.79741	1.41183	20.63833
9.26976	0.00425	0.64686	4.13706	1.16895	20.91639
5.31916	0.0018	0.77575	3.26999	0.57476	13.75417
8.85387	0.00109	1.88394	4.21353	1.16916	20.05675
10.32207	0.00798	1.99162	3.36839	1.43666	26.7786
14.14667	0.00638	0.85961	0.52615	0.72975	22.86736
6.4567	0.00795	1.39928	4.93978	0.64968	18.31083
16.41008	0.00455	0.49801	2.31898	0.58781	15.97749
15.41913	0.0051	1.23763	0.60387	0.78929	22.65832
15.88669	0.00193	0.96582	1.04739	1.28919	27.07519
19.29121	0.00157	1.94859	1.79369	1.40312	24.43172
18.54212	0.00511	0.7743	1.59179	1.43726	29.41003
19.86148	0.00324	1.14953	2.10327	0.52499	16.45819
14.84784	0.0011	0.98721	4.97756	1.35722	19.47726
19.68055	0.00999	1.10322	2.67819	1.32705	29.84004
9.87499	0.00146	1.54945	2.98103	0.86439	19.28826
15.57988	0.00774	1.05284	2.31101	0.60674	19.81505
7.7369	0.00573	1.49507	0.87118	0.77371	21.65035
5.71246	0.00762	0.63207	3.78956	1.43758	26.24154
15.00876	0.00875	1.39532	2.28914	1.28006	27.79187
14.99116	0.00303	0.69822	4.70024	0.87735	15.95099
19.50029	0.00921	0.96604	3.87718	1.31061	27.09136
18.35019	0.00806	1.84604	2.96358	0.68888	21.84826
16.81766	0.00121	0.5276	0.68229	0.58334	15.83247
8.95199	0.00796	0.79301	4.87818	0.59534	16.69628
18.50449	0.00403	0.66963	4.59409	1.4236	22.68978
9.79137	0.00956	0.93897	4.95765	0.77787	21.05566
17.47068	0.00532	1.58244	4.96248	0.73525	19.40183
11.0458	0.00797	1.26048	1.75244	0.87694	24.15966
12.87249	0.00271	0.92539	1.42937	1.12413	23.17826
18.75849	0.00769	0.26439	3.11831	1.32119	23.7415
5.53889	0.00269	0.3953	4.2134	0.50107	14.09005
5.98172	0.00307	1.66473	3.82399	0.7222	17.57894
17.22165	0.00162	0.58109	2.39926	1.16919	19.70573
13.21246	0.00321	0.91368	4.67775	1.09688	19.54889
11.254	0.00818	0.4197	3.32646	1.35653	25.28756
14.12714	0.00778	1.08538	1.05371	1.12933	27.14664
8.37656	0.00104	0.94525	2.84109	0.77807	14.80986
6.25716	0.00672	1.27207	0.58695	0.63118	20.52422
6.08407	0.00656	0.71799	3.03541	1.36111	25.13989
10.14918	0.00469	1.59019	4.42844	0.64219	17.04996
11.15755	0.00471	0.59958	1.95018	0.9804	20.93429
13.0309	0.00975	0.48277	4.35738	1.19151	23.76148
11.47021	0.00597	1.81379	4.77577	1.06893	22.76085
6.27064	0.00996	1.23493	1.62999	1.38114	28.38854
8.45319	0.00625	1.73348	3.02529	0.97976	23.09468
16.03313	0.00421	0.75774	2.92092	0.65986	16.57462
12.52974	0.00284	0.84625	0.1707	1.16669	23.32219
12.33444	0.00731	0.39776	0.1274	1.14525	27.32021
19.1065	0.00686	0.27055	4.46707	1.34425	23.47524
19.09763	0.00194	0.38443	4.72325	0.55579	14.78425
15.76514	0.00945	1.13333	0.37926	0.87292	22.27649
5.85381	0.00654	1.47789	2.79927	0.89478	22.63776
6.16478	0.00414	1.64228	2.75522	1.44522	25.71142
7.18761	0.00874	1.36184	4.77466	0.87126	21.68524
6.87915	0.00311	1.44203	4.796	0.82044	16.5561
9.89453	0.00919	0.75037	3.4912	1.39811	27.61045
12.00153	0.00462	0.34018	1.49545	1.10414	21.43375
18.24369	0.00165	1.89185	0.64806	1.46882	21.59116
6.40695	0.0069	0.93715	1.77989	1.47409	29.64767
5.17388	0.00599	0.72732	1.69678	0.58047	16.15509
9.00468	0.00401	1.4381	3.18522	1.31133	25.11473
8.18216	0.00464	1.44089	2.46451	1.3915	26.41349
9.43945	0.00489	0.32001	4.02022	0.69318	15.74093
19.46445	0.00625	0.73325	4.02954	1.24846	22.97622
16.33334	0.00508	0.9445	1.04962	1.3253	28.2147
19.14233	0.00972	1.68324	2.73162	1.14903	26.58266
14.7174	0.00321	0.79902	2.85247	1.48729	24.34972
8.2347	0.00527	1.11606	1.0279	1.3436	26.88438
5.00045	0.00506	1.39474	0.22435	1.39174	18.75998
19.83773	0.00837	1.08963	4.57024	1.36934	27.22863
9.79358	0.00149	0.81772	1.04832	1.27554	24.79021
6.06147	0.00893	1.02963	4.02228	1.27638	25.86638
8.46382	0.00816	1.32836	4.63653	1.48293	28.79573
11.25049	0.00551	1.84922	0.69234	0.57091	17.54383
9.07338	0.00475	1.12943	0.72982	1.06363	24.81969
11.82165	0.00581	1.00086	3.03339	0.68953	18.51059
12.50006	0.0073	0.77628	1.26213	1.01452	24.37045
10.49784	0.00477	1.60233	3.84367	1.30951	24.87751
16.24026	0.00917	0.53619	2.43141	0.65526	20.12136
8.27923	0.00808	0.60111	0.47106	1.3385	28.99303
11.38147	0.0011	1.81883	3.82983	1.28823	21.57142
10.67447	0.00836	0.3596	2.77958	0.57254	16.80011
7.80904	0.00715	0.39082	2.72753	0.86692	20.18207
11.0722	0.00785	0.77227	2.83419	0.50316	15.76555
7.51541	0.00772	1.20416	2.88306	1.49678	29.22503
13.75038	0.00378	0.31454	3.51923	0.68717	15.25383
14.11645	0.00405	1.61641	3.6494	0.81078	20.38459
19.04004	0.00795	0.29709	3.57232	1.45326	26.42474
14.79927	0.00745	1.19637	3.96525	0.61787	18.51398
12.31853	0.00557	0.32355	2.98038	1.20828	22.07554
9.74733	0.00308	1.67068	1.59902	0.60829	19.91796
8.41525	0.00542	1.96731	4.23473	0.74302	19.47893
7.30349	0.00809	1.68333	2.31588	0.73642	22.14175
7.15279	0.00853	1.57767	2.0546	1.29755	26.70361
7.47791	0.0017	1.52078	2.81086	1.00827	20.81328
9.43498	0.00144	0.67305	3.0428	0.60026	14.14848
7.71983	0.00639	0.56598	3.87767	1.2231	22.37164
15.49526	0.00489	0.48282	4.85213	1.42867	22.93976
9.16087	0.00951	0.61308	3.57227	1.40428	27.41756
6.0258	0.00179	1.55312	3.10618	1.00083	20.25839
13.55524	0.0039	1.06508	3.28663	1.12695	21.36138
7.90961	0.00392	1.32265	4.93726	0.87441	17.75366
19.33022	0.00641	1.80102	3.28278	0.98749	23.54742
8.81177	0.00567	1.98189	3.17993	1.05656	22.86011
6.35729	0.00857	0.37271	2.76791	1.29511	24.38956
7.55856	0.0065	0.90371	0.47014	0.97998	24.97155
9.68539	0.00911	1.50855	1.35749	0.56945	20.48159
16.72902	0.00797	0.78876	2.54127	1.36622	27.96242
11.92767	0.00746	1.59956	0.32691	0.92566	18.38372
10.49809	0.00293	0.48761	0.48899	0.56333	16.43099
5.81196	0.00948	1.11314	4.18182	0.79402	21.13334
19.18457	0.00908	0.66284	3.69833	1.04285	23.04085
18.80235	0.00901	0.82277	2.09002	1.38445	30.74113
6.82563	0.00101	0.801	4.94514	0.90132	13.59363
13.53176	0.00787	1.05382	3.97158	0.60099	17.83091
16.33915	0.00211	0.26573	4.77506	1.39387	19.63146
6.15583	0.00581	1.43763	1.79767	1.32423	26.3202
6.74026	0.00339	1.9066	1.98967	1.14234	23.01711
13.87268	0.00886	0.43791	3.77878	0.58874	17.71084
12.97511	0.00504	1.5928	0.86313	0.57514	19.41113
16.41846	0.00436	0.92036	1.96741	1.22123	24.54924
8.94375	0.00317	1.04253	0.98724	1.20301	26.23983
11.67412	0.00779	1.18018	4.74946	1.08832	22.87305
17.92027	0.00357	1.38565	1.45485	0.74479	22.30325
19.38742	0.00714	0.26089	0.135	0.85135	22.04248
16.7388	0.00323	0.99097	3.73222	1.09501	20.72832
16.69082	0.00868	0.31997	1.87587	1.45487	27.94706
11.73905	0.00746	1.29391	3.94059	1.23893	25.44488
12.10176	0.00957	0.76783	1.63198	1.13867	26.63104
18.63457	0.00947	0.27289	3.89947	0.9045	22.30313
11.60124	0.00317	1.46405	2.16603	1.12053	24.17036
18.31849	0.00797	1.94935	0.85407	1.48461	23.5127
12.1628	0.00445	1.56877	1.35214	0.73201	22.04106
6.61755	0.00432	0.69536	0.65296	1.13948	25.72973
9.96395	0.00402	0.69198	0.17978	0.76764	22.87375
18.48599	0.00846	0.45932	4.73574	1.16468	23.25634
15.8165	0.00309	0.61976	3.67687	0.72916	15.47076
13.71442	0.00636	0.65838	1.25367	1.06977	23.67853
5.59468	0.00738	0.94039	3.25127	0.9416	21.32184
18.51984	0.00774	0.90116	0.86112	0.82881	24.25843
19.69925	0.00264	1.03479	1.84804	0.65745	18.439
10.7499	0.00596	1.53277	0.95671	0.62733	20.53485
14.47471	0.00321	0.86522	0.43234	1.3369	25.85127
19.2776	0.00349	0.94855	1.62942	0.90632	21.25432
15.62121	0.00772	0.52039	4.44949	0.72893	19.33355
17.58481	0.00785	1.94298	3.11469	0.7651	22.22986
10.86432	0.00794	1.21947	4.5993	0.73656	20.25269
13.6676	0.00935	1.40261	2.83744	1.43478	28.97996
6.66161	0.00253	0.799	4.33684	0.80007	14.72008
5.93666	0.00319	0.57412	4.18413	0.9582	15.69039
15.34367	0.00658	0.68393	1.19808	0.64777	20.32714
12.21114	0.00944	1.55681	2.96163	0.78146	23.12178
13.99533	0.00625	0.45162	2.75375	0.96634	21.15973
15.91828	0.00776	1.71609	0.25663	1.32464	17.80301
19.76005	0.00853	0.87082	4.98589	0.70745	20.49216
19.53565	0.00712	1.01981	0.105	1.48842	20.8647
8.28792	0.00773	1.92165	3.32452	1.29024	25.56977
11.50408	0.00611	1.70834	3.42809	1.45458	26.79859
16.94268	0.004	0.5085	0.25725	0.88491	21.51731
6.35371	0.00394	1.64431	0.11636	1.36893	17.50714
7.16013	0.00494	0.96502	4.39259	1.26279	21.89213
9.77848	0.00526	1.23489	1.84361	1.11943	25.74383
15.60685	0.00596	1.17084	2.49616	0.50318	16.37095
6.90057	0.00254	0.58726	1.71029	1.254	21.28747
10.5053	0.00476	0.85786	3.41668	1.2294	21.93048
10.97306	0.00739	0.63853	1.79829	1.49497	30.7885
8.53385	0.00261	1.98376	2.00903	0.5293	17.5565
8.78768	0.00111	0.41632	2.69051	1.26648	16.5491
15.99309	0.00537	1.36491	4.32064	1.47735	27.2308
12.20439	0.0028	0.53185	2.01811	0.91338	17.00548
16.62677	0.00754	1.82501	0.52847	0.80035	18.57841
18.66271	0.00569	1.77009	4.90157	0.70762	19.99757
9.61999	0.00499	0.91014	1.26079	1.30846	28.36245
8.27621	0.00144	0.57886	2.86085	0.55876	14.19536
16.28536	0.00135	1.16875	3.84103	0.90028	16.46407
15.25264	0.00698	0.69925	3.29791	1.27775	24.2715
10.3265	0.00133	0.44518	4.55997	1.35382	16.93241
6.95465	0.00283	0.74134	2.50415	1.41536	22.49736
16.69382	0.0054	0.44998	3.25917	0.64778	16.77501
15.39445	0.00144	1.07001	1.31867	1.13652	24.06685
10.1343	0.00563	1.787	1.32008	1.31484	24.80282
9.56921	0.00114	0.70246	3.57393	0.90088	14.15198
11.51318	0.00868	1.92113	3.39681	0.90589	23.19954
14.87269	0.00982	0.25886	0.93345	0.89952	22.48279
12.38464	0.00338	1.54077	2.96398	1.40157	25.58332
15.16409	0.00747	0.29248	4.59403	1.13162	22.47285
15.48652	0.00379	1.76524	1.65747	0.98146	23.20169
19.44118	0.00723	1.86683	1.46817	1.31381	25.67796
7.2988	0.00725	1.62295	0.85704	1.26601	23.53472
16.90271	0.00752	0.31592	3.51783	0.8589	20.76084
16.76794	0.00117	1.24832	4.87399	0.51533	14.3799
14.10068	0.00644	0.61126	3.03918	1.3116	24.01216
13.26375	0.00355	0.82399	0.51651	1.22269	26.57102
6.96572	0.00851	1.81221	2.86632	0.50445	17.09304
14.00515	0.00261	1.32946	3.37037	0.63436	16.00325
7.59601	0.0023	0.88944	4.39697	1.44736	21.28255
10.47945	0.00303	1.10969	2.10992	0.56137	16.06691
7.09543	0.00318	1.75172	4.53701	1.16182	21.62897
5.23675	0.00882	1.09733	4.36401	0.82636	21.01259
15.17853	0.00279	1.88127	1.2433	0.62996	19.80597
19.22381	0.00248	1.41445	0.1298	1.15443	18.13837
14.01265	0.00385	0.90138	4.36724	0.72417	16.15989
12.97707	0.00772	0.41498	3.09427	1.16298	22.82048
8.55982	0.00766	1.95487	1.68029	0.58952	19.05437
16.40334	0.00748	1.41774	2.40893	0.72325	21.85299
16.42208	0.00106	1.05705	4.71005	0.82288	14.48147
14.98633	0.00713	0.69865	3.24933	0.90208	21.46195
16.28554	0.00645	0.40334	3.49483	1.18187	22.46181
8.94997	0.0035	0.42947	0.5865	0.8951	20.25776
14.57512	0.00434	0.69898	2.84968	0.79543	17.66802
15.61937	0.00842	1.69409	4.25375	0.56072	19.00269
12.29151	0.00619	0.80471	1.34286	1.29108	28.42128
14.78563	0.00819	1.54561	0.15501	0.8435	17.65445
18.78748	0.0014	1.43604	0.1271	1.49911	18.07766
19.22289	0.00295	1.21998	3.02112	0.94266	20.5608
14.40659	0.00134	1.29683	1.61648	0.74995	19.99516
8.12187	0.00453	1.42268	2.15867	1.1696	25.07556
10.90416	0.00988	0.32301	1.14293	1.31497	27.42571
6.71031	0.009	1.23452	1.07621	0.90772	25.10234
17.2982	0.00495	0.63281	2.48664	0.62953	16.97619
9.7094	0.00246	0.65163	3.74848	0.79178	14.83371
19.98791	0.00187	0.66098	3.88191	0.72839	14.70043
12.24766	0.00501	1.38125	4.42021	1.20846	23.11478
10.01715	0.0056	1.76549	2.39743	0.99934	23.39269
11.93535	0.00489	0.79167	4.56504	0.73685	16.6426
7.22219	0.00238	0.76461	3.11251	1.15428	19.98418
18.3618	0.00233	0.57487	1.67454	0.65842	15.83849
6.82098	0.00133	0.66532	0.86078	1.42462	26.58919
13.693	0.00679	0.30079	4.7749	1.48668	25.26646
12.41036	0.00135	1.68511	0.58116	0.70843	19.05604
5.3622	0.0062	1.66379	3.91091	0.71273	19.95709
6.50427	0.00867	1.99813	1.46396	1.04762	23.44909
14.95151	0.00666	1.90015	2.96107	1.38756	26.2721
5.49947	0.00386	0.87779	4.64455	1.1329	20.18395
9.98255	0.00251	1.71393	0.56792	0.76764	18.9968
13.30126	0.00996	0.52606	2.12284	1.24058	26.4683
12.43857	0.00832	1.46208	1.55194	0.86704	24.42599
10.92603	0.00436	0.50593	2.60134	0.99157	19.67834
9.46274	0.00448	1.23816	3.19528	1.28005	24.37066
9.56659	0.00621	1.19431	3.03024	0.83564	20.827
11.42489	0.00757	0.54522	3.42797	0.8056	20.17965
13.86233	0.00598	0.62731	1.94009	1.12179	22.31392
7.48884	0.00336	1.99115	4.46902	1.28871	22.46589
8.51611	0.00179	1.86606	4.13303	1.06058	19.89337
8.66955	0.00872	0.51074	3.96174	0.7414	19.74604
18.38537	0.00101	1.75861	3.11078	1.09946	21.45157
18.12888	0.00644	1.08939	2.40502	0.62101	19.61331
8.60605	0.00566	1.41124	0.84285	0.61224	20.49734
19.88695	0.00273	0.49028	2.72731	1.24497	21.36379
8.48212	0.00725	1.57705	4.48921	1.14034	24.24452
7.00593	0.00293	1.73829	0.79302	0.51264	17.52106
6.12556	0.00225	1.78843	0.15781	0.5936	17.86445
12.43759	0.00693	1.82251	0.1159	0.637	18.35375
14.30048	0.00596	0.91357	1.11721	0.90234	23.44403
16.79028	0.00905	0.60098	4.0656	0.83585	21.7514
5.81533	0.00813	0.65471	0.77822	0.68985	20.64856
9.848	0.00282	1.10987	1.20683	0.70178	20.03567
14.94422	0.00235	1.55155	0.99089	0.74667	21.76585
10.40079	0.00182	0.45334	3.83253	1.23717	16.99791
5.60955	0.00611	0.36119	0.15135	0.63851	19.71943
17.7239	0.00413	0.45679	1.52927	0.5925	16.32721
5.43648	0.00673	1.2012	2.9291	0.84631	20.85543
6.23624	0.00379	0.34141	2.2356	0.90232	16.03853
9.22864	0.00149	1.33321	0.10334	1.04478	18.03338
18.11613	0.00615	1.31921	3.06592	0.93334	22.42604
18.43102	0.00935	1.70229	0.52678	0.76219	19.05241
9.71834	0.00926	1.98262	2.40685	1.11214	24.86878
9.96408	0.00764	0.35135	2.47146	0.95898	21.57132
16.80194	0.00487	1.05889	0.21191	0.54471	20.37943
11.61944	0.00815	1.62403	4.16488	0.90724	23.0639
5.7267	0.00617	1.70372	2.70829	1.15691	24.43332
18.25808	0.00445	0.79873	2.67418	1.45779	26.01017
17.63049	0.00792	0.71007	0.44489	0.93237	26.19873
14.56441	0.00909	0.89179	1.16014	1.4061	29.75449
14.66787	0.00863	0.297	1.9606	0.94638	22.21515
8.03936	0.0089	0.79804	3.0158	1.27638	26.1113
8.06601	0.00672	0.37663	2.74937	1.30372	22.91574
13.51427	0.0055	1.08528	4.1835	1.35413	24.6244
11.42591	0.00102	1.44429	0.58621	1.10977	22.01207
16.6127	0.00507	0.78591	3.42053	0.79489	18.57404
8.71313	0.00181	0.59714	3.76332	0.79421	14.03319
8.29612	0.00218	0.29746	1.91315	1.49856	21.62532
15.90786	0.00307	0.3763	2.18125	1.21814	21.2276
17.66823	0.003	1.61949	3.06567	0.74836	19.97025
11.56833	0.00397	1.9117	2.50199	0.90127	21.66735
12.97703	0.0065	1.53273	1.34686	0.58107	20.68285
6.0992	0.00376	1.79954	0.11525	1.03678	18.02923
8.80105	0.00141	1.77005	2.07237	0.81583	20.34949
8.67104	0.00691	1.47973	0.52164	0.55645	18.51295
14.50431	0.00559	0.38111	3.30177	0.84055	18.18722
10.57207	0.00363	1.54341	1.03122	1.21646	24.25027
15.48733	0.00946	1.85562	2.6093	1.04033	25.04356
15.25615	0.00969	1.37046	0.53754	1.48925	23.66194
10.10929	0.00147	0.40282	4.41998	0.88692	13.947
6.00825	0.00665	1.70969	3.28024	0.73626	20.98913
8.20748	0.00893	1.64203	3.94306	1.44356	27.9793
17.34215	0.00877	0.44903	0.75926	1.40423	32.0855
12.38661	0.00634	1.97836	0.58802	0.58566	16.95959
13.98303	0.00994	1.1308	4.98991	1.05505	23.80213
13.71415	0.00738	0.73664	3.59128	0.70272	19.09198
10.21136	0.00549	0.29089	3.43376	0.52065	14.98337
14.26321	0.00678	0.57808	3.54483	0.95623	21.38137
17.36381	0.00607	1.75123	3.39662	0.59661	19.61022
15.98	0.00442	1.82081	0.63938	0.94596	20.10483
13.94573	0.00961	1.30487	2.62589	1.44644	29.43718
7.25191	0.00807	1.29531	1.1415	0.74597	23.52659
5.40546	0.00818	0.39135	2.33898	1.44555	26.93636
15.06211	0.00591	0.54373	0.11548	0.54692	20.8172
11.87093	0.00202	0.4836	2.38207	0.9415	15.46091
8.1087	0.00101	1.58599	2.70095	0.65607	17.24756
13.52627	0.00203	1.55471	3.23531	0.94747	20.26949
14.75537	0.0048	1.34661	2.05578	0.78954	21.43586
16.8759	0.00488	1.21327	4.49253	0.80844	19.16297
17.18936	0.00257	1.81881	2.39332	0.71109	19.99923
5.73206	0.00826	1.70604	0.2352	1.09796	17.26184
18.85842	0.00375	1.39584	4.82571	0.63838	16.44106
6.1278	0.00395	0.58546	0.61906	0.77166	20.18731
10.65263	0.00581	1.70579	1.50592	1.09763	24.29477
6.21002	0.00922	0.67445	2.68982	1.36305	27.35118
18.87268	0.00278	0.88945	1.61981	0.8202	20.33543
5.01441	0.00444	1.95184	1.63949	0.94562	21.97279
18.57246	0.0016	1.12353	0.55694	1.49068	25.03107
